6 -1 #SUP: 24
15 -1 #SUP: 11
24 -1 #SUP: 11
26 -1 #SUP: 13
27 -1 #SUP: 10
28 -1 #SUP: 17
37 -1 #SUP: 18
56 -1 #SUP: 26
65 -1 #SUP: 12
73 -1 #SUP: 13
75 -1 #SUP: 14
80 -1 #SUP: 56
103 -1 #SUP: 10
117 -1 #SUP: 13
123 -1 #SUP: 19
125 -1 #SUP: 11
149 -1 #SUP: 18
178 -1 #SUP: 13
181 -1 #SUP: 12
215 -1 #SUP: 11
216 -1 #SUP: 21
222 -1 #SUP: 12
229 -1 #SUP: 25
268 -1 #SUP: 15
277 -1 #SUP: 30
280 -1 #SUP: 36
281 -1 #SUP: 14
308 -1 #SUP: 31
315 -1 #SUP: 17
316 -1 #SUP: 25
317 -1 #SUP: 10
318 -1 #SUP: 11
333 -1 #SUP: 14
344 -1 #SUP: 19
358 -1 #SUP: 21
359 -1 #SUP: 16
360 -1 #SUP: 59
360 -1 10264 -1 #SUP: 10
360 -1 6253 -1 #SUP: 10
360 -1 8956 -1 #SUP: 14
360 -1 13237 -1 #SUP: 11
360 -1 18381 -1 #SUP: 11
360 -1 13782 -1 #SUP: 10
362 -1 #SUP: 22
368 -1 #SUP: 31
371 -1 #SUP: 28
381 -1 #SUP: 13
387 -1 #SUP: 29
394 -1 #SUP: 42
396 -1 #SUP: 14
397 -1 #SUP: 15
405 -1 #SUP: 48
405 -1 4743 -1 #SUP: 10
411 -1 #SUP: 62
411 -1 10848 -1 #SUP: 10
411 -1 14008 -1 #SUP: 12
411 -1 20172 -1 #SUP: 10
411 -1 2497 -1 #SUP: 10
412 -1 #SUP: 11
414 -1 #SUP: 19
436 -1 #SUP: 26
438 -1 #SUP: 19
444 -1 #SUP: 13
456 -1 #SUP: 27
457 -1 #SUP: 18
459 -1 #SUP: 10
463 -1 #SUP: 25
467 -1 #SUP: 14
468 -1 #SUP: 10
508 -1 #SUP: 44
508 -1 10481 -1 #SUP: 15
508 -1 16673 -1 #SUP: 11
512 -1 #SUP: 13
519 -1 #SUP: 20
520 -1 #SUP: 40
523 -1 #SUP: 17
541 -1 #SUP: 96
541 -1 11373 -1 #SUP: 14
541 -1 12425 -1 #SUP: 11
541 -1 6411 -1 #SUP: 12
541 -1 2674 -1 #SUP: 12
541 -1 11070 -1 #SUP: 10
548 -1 #SUP: 17
550 -1 #SUP: 24
553 -1 #SUP: 12
563 -1 #SUP: 13
573 -1 #SUP: 53
573 -1 1746 -1 #SUP: 14
573 -1 5903 -1 #SUP: 10
579 -1 #SUP: 35
586 -1 #SUP: 10
593 -1 #SUP: 10
603 -1 #SUP: 12
607 -1 #SUP: 12
619 -1 #SUP: 18
624 -1 #SUP: 15
628 -1 #SUP: 26
637 -1 #SUP: 14
641 -1 #SUP: 15
645 -1 #SUP: 11
648 -1 #SUP: 67
648 -1 5606 -1 #SUP: 11
648 -1 8767 -1 #SUP: 14
653 -1 #SUP: 15
658 -1 #SUP: 10
660 -1 #SUP: 40
662 -1 #SUP: 23
663 -1 #SUP: 61
663 -1 9834 -1 #SUP: 10
667 -1 #SUP: 27
668 -1 #SUP: 12
682 -1 #SUP: 17
689 -1 #SUP: 15
699 -1 #SUP: 27
700 -1 #SUP: 12
719 -1 #SUP: 11
723 -1 #SUP: 13
724 -1 #SUP: 19
725 -1 #SUP: 12
740 -1 #SUP: 14
751 -1 #SUP: 17
755 -1 #SUP: 10
769 -1 #SUP: 16
778 -1 #SUP: 20
781 -1 #SUP: 13
793 -1 #SUP: 11
794 -1 #SUP: 10
797 -1 #SUP: 64
797 -1 10269 -1 #SUP: 13
800 -1 #SUP: 16
817 -1 #SUP: 22
830 -1 #SUP: 27
849 -1 #SUP: 19
855 -1 #SUP: 13
865 -1 #SUP: 13
868 -1 #SUP: 73
868 -1 1111 -1 #SUP: 11
868 -1 5606 -1 #SUP: 10
868 -1 10848 -1 #SUP: 12
868 -1 2997 -1 #SUP: 11
868 -1 8145 -1 #SUP: 13
877 -1 #SUP: 38
894 -1 #SUP: 44
898 -1 #SUP: 13
904 -1 #SUP: 11
909 -1 #SUP: 14
913 -1 #SUP: 48
956 -1 #SUP: 59
961 -1 #SUP: 43
963 -1 #SUP: 37
1006 -1 #SUP: 13
1012 -1 #SUP: 21
1014 -1 #SUP: 38
1020 -1 #SUP: 40
1023 -1 #SUP: 56
1033 -1 #SUP: 15
1036 -1 #SUP: 10
1039 -1 #SUP: 17
1041 -1 #SUP: 21
1041 -1 7000 -1 #SUP: 13
1050 -1 #SUP: 20
1056 -1 #SUP: 37
1057 -1 #SUP: 14
1060 -1 #SUP: 34
1063 -1 #SUP: 58
1066 -1 #SUP: 20
1069 -1 #SUP: 17
1082 -1 #SUP: 14
1085 -1 #SUP: 35
1092 -1 #SUP: 14
1093 -1 #SUP: 27
1111 -1 #SUP: 122
1111 -1 10269 -1 #SUP: 10
1111 -1 1422 -1 #SUP: 11
1111 -1 2497 -1 #SUP: 10
1111 -1 10711 -1 #SUP: 10
1111 -1 14826 -1 #SUP: 13
1111 -1 2627 -1 #SUP: 11
1111 -1 11943 -1 #SUP: 16
1130 -1 #SUP: 15
1133 -1 #SUP: 23
1144 -1 #SUP: 46
1149 -1 #SUP: 30
1151 -1 #SUP: 10
1163 -1 #SUP: 13
1180 -1 #SUP: 43
1189 -1 #SUP: 33
1192 -1 #SUP: 19
1194 -1 #SUP: 10
1195 -1 #SUP: 19
1196 -1 #SUP: 13
1199 -1 #SUP: 13
1231 -1 #SUP: 32
1232 -1 #SUP: 20
1234 -1 #SUP: 14
1246 -1 #SUP: 14
1253 -1 #SUP: 36
1260 -1 #SUP: 12
1271 -1 #SUP: 35
1276 -1 #SUP: 19
1290 -1 #SUP: 38
1300 -1 #SUP: 29
1316 -1 #SUP: 19
1322 -1 #SUP: 20
1329 -1 #SUP: 23
1334 -1 #SUP: 14
1344 -1 #SUP: 16
1357 -1 #SUP: 49
1365 -1 #SUP: 24
1372 -1 #SUP: 22
1373 -1 #SUP: 28
1374 -1 #SUP: 13
1380 -1 #SUP: 14
1382 -1 #SUP: 12
1385 -1 #SUP: 24
1386 -1 #SUP: 12
1398 -1 #SUP: 24
1415 -1 #SUP: 11
1420 -1 #SUP: 10
1422 -1 #SUP: 45
1427 -1 #SUP: 19
1434 -1 #SUP: 18
1442 -1 #SUP: 19
1443 -1 #SUP: 14
1444 -1 #SUP: 10
1460 -1 #SUP: 19
1461 -1 #SUP: 12
1463 -1 #SUP: 14
1466 -1 #SUP: 12
1472 -1 #SUP: 10
1473 -1 #SUP: 29
1476 -1 #SUP: 34
1482 -1 #SUP: 24
1486 -1 #SUP: 15
1489 -1 #SUP: 47
1502 -1 #SUP: 15
1523 -1 #SUP: 36
1525 -1 #SUP: 15
1534 -1 #SUP: 20
1537 -1 #SUP: 15
1547 -1 #SUP: 11
1580 -1 #SUP: 15
1587 -1 #SUP: 29
1590 -1 #SUP: 11
1591 -1 #SUP: 34
1595 -1 #SUP: 13
1605 -1 #SUP: 25
1626 -1 #SUP: 26
1627 -1 #SUP: 10
1635 -1 #SUP: 40
1640 -1 #SUP: 12
1641 -1 #SUP: 76
1645 -1 #SUP: 19
1653 -1 #SUP: 10
1656 -1 #SUP: 19
1674 -1 #SUP: 19
1678 -1 #SUP: 10
1687 -1 #SUP: 17
1698 -1 #SUP: 41
1701 -1 #SUP: 15
1710 -1 #SUP: 42
1710 -1 18059 -1 #SUP: 10
1712 -1 #SUP: 17
1713 -1 #SUP: 27
1714 -1 #SUP: 69
1715 -1 #SUP: 10
1719 -1 #SUP: 56
1719 -1 16820 -1 #SUP: 14
1723 -1 #SUP: 15
1727 -1 #SUP: 28
1740 -1 #SUP: 21
1741 -1 #SUP: 15
1746 -1 #SUP: 65
1746 -1 573 -1 #SUP: 13
1746 -1 778 -1 #SUP: 11
1746 -1 5903 -1 #SUP: 13
1766 -1 #SUP: 14
1779 -1 #SUP: 24
1794 -1 #SUP: 10
1805 -1 #SUP: 18
1806 -1 #SUP: 13
1813 -1 #SUP: 11
1828 -1 #SUP: 14
1830 -1 #SUP: 20
1849 -1 #SUP: 31
1850 -1 #SUP: 38
1886 -1 #SUP: 11
1895 -1 #SUP: 14
1898 -1 #SUP: 55
1898 -1 4743 -1 #SUP: 12
1900 -1 #SUP: 28
1906 -1 #SUP: 18
1909 -1 #SUP: 29
1919 -1 #SUP: 22
1935 -1 #SUP: 25
1944 -1 #SUP: 69
1944 -1 7256 -1 #SUP: 11
1944 -1 8356 -1 #SUP: 12
1947 -1 #SUP: 24
1951 -1 #SUP: 15
1953 -1 #SUP: 10
1960 -1 #SUP: 19
1975 -1 #SUP: 12
1992 -1 #SUP: 31
2000 -1 #SUP: 12
2001 -1 #SUP: 22
2006 -1 #SUP: 30
2018 -1 #SUP: 37
2025 -1 #SUP: 13
2026 -1 #SUP: 11
2036 -1 #SUP: 11
2037 -1 #SUP: 31
2052 -1 #SUP: 18
2058 -1 #SUP: 12
2068 -1 #SUP: 26
2081 -1 #SUP: 10
2085 -1 #SUP: 42
2085 -1 17709 -1 #SUP: 11
2088 -1 #SUP: 35
2090 -1 #SUP: 59
2090 -1 9392 -1 #SUP: 10
2090 -1 9007 -1 #SUP: 12
2090 -1 17247 -1 #SUP: 17
2098 -1 #SUP: 13
2108 -1 #SUP: 17
2117 -1 #SUP: 41
2122 -1 #SUP: 10
2129 -1 #SUP: 18
2132 -1 #SUP: 43
2132 -1 16583 -1 #SUP: 10
2134 -1 #SUP: 35
2144 -1 #SUP: 27
2151 -1 #SUP: 36
2153 -1 #SUP: 16
2158 -1 #SUP: 23
2159 -1 #SUP: 13
2164 -1 #SUP: 22
2177 -1 #SUP: 18
2186 -1 #SUP: 22
2186 -1 18057 -1 #SUP: 16
2186 -1 18057 -1 10926 -1 #SUP: 10
2186 -1 18057 -1 6197 -1 #SUP: 10
2186 -1 18057 -1 20121 -1 #SUP: 14
2186 -1 18057 -1 16861 -1 #SUP: 11
2186 -1 18057 -1 16861 -1 20121 -1 #SUP: 10
2186 -1 20121 -1 #SUP: 15
2186 -1 16861 -1 #SUP: 12
2186 -1 16861 -1 20121 -1 #SUP: 11
2186 -1 10926 -1 #SUP: 10
2186 -1 6197 -1 #SUP: 11
2186 -1 6197 -1 16861 -1 #SUP: 10
2203 -1 #SUP: 18
2204 -1 #SUP: 40
2212 -1 #SUP: 22
2221 -1 #SUP: 19
2231 -1 #SUP: 27
2232 -1 #SUP: 11
2236 -1 #SUP: 19
2246 -1 #SUP: 13
2247 -1 #SUP: 12
2252 -1 #SUP: 22
2253 -1 #SUP: 12
2255 -1 #SUP: 15
2264 -1 #SUP: 10
2272 -1 #SUP: 86
2272 -1 12436 -1 #SUP: 10
2272 -1 2873 -1 #SUP: 10
2272 -1 13216 -1 #SUP: 12
2272 -1 6103 -1 #SUP: 12
2274 -1 #SUP: 16
2276 -1 #SUP: 12
2286 -1 #SUP: 15
2296 -1 #SUP: 10
2297 -1 #SUP: 11
2306 -1 #SUP: 20
2317 -1 #SUP: 35
2336 -1 #SUP: 42
2339 -1 #SUP: 16
2348 -1 #SUP: 14
2351 -1 #SUP: 10
2359 -1 #SUP: 12
2367 -1 #SUP: 66
2368 -1 #SUP: 19
2383 -1 #SUP: 13
2392 -1 #SUP: 14
2401 -1 #SUP: 11
2409 -1 #SUP: 13
2412 -1 #SUP: 42
2418 -1 #SUP: 11
2423 -1 #SUP: 17
2437 -1 #SUP: 54
2437 -1 648 -1 #SUP: 12
2437 -1 5606 -1 #SUP: 10
2439 -1 #SUP: 16
2452 -1 #SUP: 10
2460 -1 #SUP: 13
2489 -1 #SUP: 14
2497 -1 #SUP: 74
2497 -1 20172 -1 #SUP: 13
2497 -1 2919 -1 #SUP: 10
2497 -1 411 -1 #SUP: 12
2505 -1 #SUP: 16
2506 -1 #SUP: 10
2508 -1 #SUP: 69
2508 -1 14907 -1 #SUP: 10
2508 -1 4743 -1 #SUP: 14
2508 -1 8045 -1 #SUP: 12
2518 -1 #SUP: 15
2544 -1 #SUP: 13
2551 -1 #SUP: 50
2551 -1 15988 -1 #SUP: 10
2558 -1 #SUP: 13
2577 -1 #SUP: 28
2579 -1 #SUP: 21
2581 -1 #SUP: 32
2587 -1 #SUP: 14
2596 -1 #SUP: 25
2601 -1 #SUP: 13
2603 -1 #SUP: 14
2605 -1 #SUP: 12
2617 -1 #SUP: 21
2627 -1 #SUP: 54
2640 -1 #SUP: 16
2641 -1 #SUP: 22
2663 -1 #SUP: 10
2665 -1 #SUP: 44
2674 -1 #SUP: 114
2674 -1 10250 -1 #SUP: 14
2674 -1 18649 -1 #SUP: 11
2674 -1 3431 -1 #SUP: 12
2674 -1 5606 -1 #SUP: 10
2674 -1 541 -1 #SUP: 13
2674 -1 573 -1 #SUP: 11
2674 -1 20134 -1 #SUP: 13
2674 -1 2780 -1 #SUP: 11
2674 -1 8956 -1 #SUP: 11
2674 -1 3885 -1 #SUP: 13
2674 -1 13139 -1 #SUP: 12
2674 -1 17239 -1 #SUP: 10
2674 -1 2912 -1 #SUP: 11
2674 -1 11107 -1 #SUP: 13
2677 -1 #SUP: 11
2705 -1 #SUP: 39
2719 -1 #SUP: 14
2727 -1 #SUP: 10
2730 -1 #SUP: 34
2736 -1 #SUP: 25
2740 -1 #SUP: 37
2752 -1 #SUP: 14
2765 -1 #SUP: 71
2778 -1 #SUP: 12
2780 -1 #SUP: 97
2780 -1 5606 -1 #SUP: 18
2793 -1 #SUP: 10
2812 -1 #SUP: 19
2820 -1 #SUP: 11
2859 -1 #SUP: 15
2862 -1 #SUP: 14
2869 -1 #SUP: 10
2869 -1 18026 -1 #SUP: 10
2873 -1 #SUP: 55
2873 -1 20263 -1 #SUP: 14
2873 -1 13216 -1 #SUP: 11
2873 -1 6103 -1 #SUP: 11
2886 -1 #SUP: 19
2887 -1 #SUP: 26
2888 -1 #SUP: 12
2891 -1 #SUP: 11
2897 -1 #SUP: 15
2912 -1 #SUP: 70
2912 -1 9974 -1 #SUP: 10
2913 -1 #SUP: 14
2918 -1 #SUP: 23
2919 -1 #SUP: 38
2920 -1 #SUP: 10
2930 -1 #SUP: 39
2957 -1 #SUP: 11
2961 -1 #SUP: 11
2964 -1 #SUP: 11
2970 -1 #SUP: 21
2980 -1 #SUP: 65
2984 -1 #SUP: 34
2989 -1 #SUP: 11
2997 -1 #SUP: 95
2997 -1 3431 -1 #SUP: 12
2997 -1 5606 -1 #SUP: 13
2997 -1 8767 -1 #SUP: 13
2997 -1 10848 -1 #SUP: 10
2997 -1 648 -1 #SUP: 11
2997 -1 11107 -1 #SUP: 11
2997 -1 8145 -1 #SUP: 11
3001 -1 #SUP: 82
3001 -1 15750 -1 #SUP: 12
3001 -1 3698 -1 #SUP: 14
3011 -1 #SUP: 32
3021 -1 #SUP: 18
3038 -1 #SUP: 12
3042 -1 #SUP: 11
3073 -1 #SUP: 28
3077 -1 #SUP: 14
3090 -1 #SUP: 15
3093 -1 #SUP: 23
3097 -1 #SUP: 28
3105 -1 #SUP: 11
3129 -1 #SUP: 14
3130 -1 #SUP: 11
3151 -1 #SUP: 16
3164 -1 #SUP: 11
3173 -1 #SUP: 16
3175 -1 #SUP: 10
3189 -1 #SUP: 12
3190 -1 #SUP: 13
3192 -1 #SUP: 21
3200 -1 #SUP: 12
3207 -1 #SUP: 12
3210 -1 #SUP: 10
3212 -1 #SUP: 17
3237 -1 #SUP: 12
3238 -1 #SUP: 23
3242 -1 #SUP: 34
3245 -1 #SUP: 23
3254 -1 #SUP: 12
3260 -1 #SUP: 12
3264 -1 #SUP: 10
3272 -1 #SUP: 12
3278 -1 #SUP: 11
3281 -1 #SUP: 11
3285 -1 #SUP: 11
3287 -1 #SUP: 20
3292 -1 #SUP: 15
3295 -1 #SUP: 13
3304 -1 #SUP: 27
3329 -1 #SUP: 10
3333 -1 #SUP: 11
3341 -1 #SUP: 29
3347 -1 #SUP: 50
3355 -1 #SUP: 12
3360 -1 #SUP: 11
3368 -1 #SUP: 20
3375 -1 #SUP: 42
3378 -1 #SUP: 17
3379 -1 #SUP: 13
3390 -1 #SUP: 11
3403 -1 #SUP: 31
3410 -1 #SUP: 24
3413 -1 #SUP: 33
3413 -1 7323 -1 #SUP: 13
3413 -1 9060 -1 #SUP: 12
3413 -1 18289 -1 #SUP: 15
3418 -1 #SUP: 10
3421 -1 #SUP: 10
3422 -1 #SUP: 16
3424 -1 #SUP: 12
3431 -1 #SUP: 64
3431 -1 80 -1 #SUP: 16
3434 -1 #SUP: 18
3437 -1 #SUP: 14
3445 -1 #SUP: 11
3461 -1 #SUP: 15
3463 -1 #SUP: 43
3467 -1 #SUP: 11
3471 -1 #SUP: 15
3477 -1 #SUP: 24
3483 -1 #SUP: 16
3490 -1 #SUP: 12
3491 -1 #SUP: 10
3493 -1 #SUP: 16
3498 -1 #SUP: 12
3510 -1 #SUP: 24
3511 -1 #SUP: 28
3514 -1 #SUP: 10
3519 -1 #SUP: 36
3521 -1 #SUP: 17
3533 -1 #SUP: 10
3535 -1 #SUP: 18
3551 -1 #SUP: 47
3556 -1 #SUP: 19
3558 -1 #SUP: 18
3565 -1 #SUP: 13
3600 -1 #SUP: 17
3606 -1 #SUP: 44
3611 -1 #SUP: 18
3617 -1 #SUP: 13
3624 -1 #SUP: 30
3628 -1 #SUP: 13
3630 -1 #SUP: 10
3637 -1 #SUP: 10
3644 -1 #SUP: 46
3648 -1 #SUP: 41
3650 -1 #SUP: 40
3653 -1 #SUP: 11
3668 -1 #SUP: 20
3671 -1 #SUP: 10
3685 -1 #SUP: 45
3694 -1 #SUP: 14
3698 -1 #SUP: 68
3698 -1 3001 -1 #SUP: 10
3712 -1 #SUP: 12
3729 -1 #SUP: 23
3745 -1 #SUP: 11
3747 -1 #SUP: 10
3748 -1 #SUP: 20
3750 -1 #SUP: 14
3758 -1 #SUP: 12
3776 -1 #SUP: 15
3778 -1 #SUP: 10
3788 -1 #SUP: 38
3790 -1 #SUP: 47
3798 -1 #SUP: 17
3799 -1 #SUP: 36
3802 -1 #SUP: 14
3811 -1 #SUP: 60
3811 -1 5606 -1 #SUP: 11
3811 -1 2997 -1 #SUP: 11
3813 -1 #SUP: 11
3817 -1 #SUP: 15
3830 -1 #SUP: 41
3832 -1 #SUP: 16
3835 -1 #SUP: 20
3855 -1 #SUP: 40
3856 -1 #SUP: 33
3860 -1 #SUP: 38
3870 -1 #SUP: 10
3876 -1 #SUP: 12
3880 -1 #SUP: 22
3885 -1 #SUP: 95
3885 -1 18649 -1 #SUP: 12
3885 -1 15578 -1 #SUP: 18
3885 -1 10496 -1 #SUP: 10
3885 -1 360 -1 #SUP: 13
3885 -1 541 -1 #SUP: 14
3885 -1 573 -1 #SUP: 14
3885 -1 2674 -1 #SUP: 20
3885 -1 8956 -1 #SUP: 18
3885 -1 13139 -1 #SUP: 28
3885 -1 17239 -1 #SUP: 25
3885 -1 11107 -1 #SUP: 16
3885 -1 13237 -1 #SUP: 18
3885 -1 18381 -1 #SUP: 16
3885 -1 2037 -1 #SUP: 10
3893 -1 #SUP: 11
3903 -1 #SUP: 13
3919 -1 #SUP: 27
3919 -1 19205 -1 #SUP: 14
3919 -1 19205 -1 20121 -1 #SUP: 10
3919 -1 18057 -1 #SUP: 13
3919 -1 18057 -1 19205 -1 #SUP: 10
3919 -1 18057 -1 20121 -1 #SUP: 10
3919 -1 18057 -1 10926 -1 #SUP: 10
3919 -1 2186 -1 #SUP: 11
3919 -1 2186 -1 18057 -1 #SUP: 10
3919 -1 2186 -1 20121 -1 #SUP: 10
3919 -1 2392 -1 #SUP: 11
3919 -1 20121 -1 #SUP: 16
3919 -1 20121 -1 2392 -1 #SUP: 10
3919 -1 16861 -1 #SUP: 15
3919 -1 16861 -1 20121 -1 #SUP: 12
3919 -1 10926 -1 #SUP: 14
3919 -1 10926 -1 19205 -1 #SUP: 11
3919 -1 6197 -1 #SUP: 10
3925 -1 #SUP: 16
3938 -1 #SUP: 36
3943 -1 #SUP: 16
3944 -1 #SUP: 19
3961 -1 #SUP: 41
3961 -1 12071 -1 #SUP: 10
3976 -1 #SUP: 29
3977 -1 #SUP: 15
3979 -1 #SUP: 11
3986 -1 #SUP: 11
3994 -1 #SUP: 14
3996 -1 #SUP: 18
4000 -1 #SUP: 19
4003 -1 #SUP: 18
4009 -1 #SUP: 18
4011 -1 #SUP: 14
4013 -1 #SUP: 50
4013 -1 11357 -1 #SUP: 11
4013 -1 660 -1 #SUP: 10
4016 -1 #SUP: 10
4026 -1 #SUP: 54
4029 -1 #SUP: 15
4034 -1 #SUP: 10
4044 -1 #SUP: 14
4046 -1 #SUP: 23
4052 -1 #SUP: 35
4057 -1 #SUP: 24
4058 -1 #SUP: 54
4060 -1 #SUP: 30
4065 -1 #SUP: 16
4069 -1 #SUP: 21
4070 -1 #SUP: 17
4071 -1 #SUP: 11
4087 -1 #SUP: 10
4089 -1 #SUP: 42
4089 -1 10481 -1 #SUP: 11
4089 -1 508 -1 #SUP: 15
4106 -1 #SUP: 42
4109 -1 #SUP: 12
4111 -1 #SUP: 18
4113 -1 #SUP: 10
4124 -1 #SUP: 14
4133 -1 #SUP: 11
4144 -1 #SUP: 32
4148 -1 #SUP: 47
4169 -1 #SUP: 16
4175 -1 #SUP: 14
4180 -1 #SUP: 12
4184 -1 #SUP: 17
4186 -1 #SUP: 10
4189 -1 #SUP: 21
4191 -1 #SUP: 13
4194 -1 #SUP: 11
4199 -1 #SUP: 15
4202 -1 #SUP: 43
4212 -1 #SUP: 19
4219 -1 #SUP: 35
4234 -1 #SUP: 29
4248 -1 #SUP: 17
4250 -1 #SUP: 24
4253 -1 #SUP: 35
4253 -1 3242 -1 #SUP: 10
4258 -1 #SUP: 23
4259 -1 #SUP: 18
4267 -1 #SUP: 11
4283 -1 #SUP: 11
4288 -1 #SUP: 28
4301 -1 #SUP: 45
4305 -1 #SUP: 24
4311 -1 #SUP: 13
4317 -1 #SUP: 11
4319 -1 #SUP: 15
4328 -1 #SUP: 27
4336 -1 #SUP: 19
4337 -1 #SUP: 18
4338 -1 #SUP: 10
4339 -1 #SUP: 24
4347 -1 #SUP: 36
4350 -1 #SUP: 10
4355 -1 #SUP: 19
4359 -1 #SUP: 48
4364 -1 #SUP: 35
4364 -1 13980 -1 #SUP: 10
4367 -1 #SUP: 15
4369 -1 #SUP: 44
4369 -1 1476 -1 #SUP: 10
4370 -1 #SUP: 23
4397 -1 #SUP: 12
4401 -1 #SUP: 27
4402 -1 #SUP: 19
4403 -1 #SUP: 21
4412 -1 #SUP: 11
4417 -1 #SUP: 13
4422 -1 #SUP: 47
4430 -1 #SUP: 20
4433 -1 #SUP: 13
4434 -1 #SUP: 19
4443 -1 #SUP: 13
4444 -1 #SUP: 32
4444 -1 14395 -1 #SUP: 12
4444 -1 8956 -1 #SUP: 13
4444 -1 4460 -1 #SUP: 12
4447 -1 #SUP: 14
4451 -1 #SUP: 12
4460 -1 #SUP: 38
4460 -1 8956 -1 #SUP: 10
4466 -1 #SUP: 13
4467 -1 #SUP: 13
4469 -1 #SUP: 19
4476 -1 #SUP: 25
4482 -1 #SUP: 32
4489 -1 #SUP: 11
4492 -1 #SUP: 21
4493 -1 #SUP: 13
4510 -1 #SUP: 22
4512 -1 #SUP: 12
4514 -1 #SUP: 26
4523 -1 #SUP: 43
4526 -1 #SUP: 22
4531 -1 #SUP: 15
4540 -1 #SUP: 24
4543 -1 #SUP: 38
4543 -1 16387 -1 #SUP: 10
4543 -1 17200 -1 #SUP: 13
4543 -1 8001 -1 #SUP: 12
4543 -1 15341 -1 #SUP: 11
4549 -1 #SUP: 16
4551 -1 #SUP: 10
4564 -1 #SUP: 10
4566 -1 #SUP: 13
4569 -1 #SUP: 10
4578 -1 #SUP: 10
4594 -1 #SUP: 13
4600 -1 #SUP: 31
4603 -1 #SUP: 36
4615 -1 #SUP: 14
4642 -1 #SUP: 21
4653 -1 #SUP: 10
4658 -1 #SUP: 14
4672 -1 #SUP: 39
4672 -1 1992 -1 #SUP: 13
4692 -1 #SUP: 23
4693 -1 #SUP: 10
4695 -1 #SUP: 30
4696 -1 #SUP: 16
4707 -1 #SUP: 13
4710 -1 #SUP: 35
4710 -1 14213 -1 #SUP: 10
4716 -1 #SUP: 21
4718 -1 #SUP: 22
4720 -1 #SUP: 49
4734 -1 #SUP: 10
4743 -1 #SUP: 104
4743 -1 9231 -1 #SUP: 15
4743 -1 16521 -1 #SUP: 13
4743 -1 7645 -1 #SUP: 11
4743 -1 13803 -1 #SUP: 12
4743 -1 4800 -1 #SUP: 13
4743 -1 1898 -1 #SUP: 10
4745 -1 #SUP: 40
4747 -1 #SUP: 11
4757 -1 #SUP: 11
4761 -1 #SUP: 12
4765 -1 #SUP: 14
4768 -1 #SUP: 20
4774 -1 #SUP: 29
4774 -1 9388 -1 #SUP: 11
4795 -1 #SUP: 27
4799 -1 #SUP: 20
4800 -1 #SUP: 53
4809 -1 #SUP: 11
4812 -1 #SUP: 28
4818 -1 #SUP: 12
4826 -1 #SUP: 26
4834 -1 #SUP: 23
4839 -1 #SUP: 44
4839 -1 1056 -1 #SUP: 10
4865 -1 #SUP: 24
4880 -1 #SUP: 19
4909 -1 #SUP: 18
4910 -1 #SUP: 68
4910 -1 5606 -1 #SUP: 10
4910 -1 10848 -1 #SUP: 10
4910 -1 11943 -1 #SUP: 10
4915 -1 #SUP: 11
4916 -1 #SUP: 41
4923 -1 #SUP: 20
4925 -1 #SUP: 18
4926 -1 #SUP: 19
4928 -1 #SUP: 20
4936 -1 #SUP: 15
4941 -1 #SUP: 10
4944 -1 #SUP: 14
4948 -1 #SUP: 19
4949 -1 #SUP: 51
4949 -1 16502 -1 #SUP: 11
4949 -1 8145 -1 #SUP: 11
4952 -1 #SUP: 22
4954 -1 #SUP: 47
4962 -1 #SUP: 28
4965 -1 #SUP: 73
4983 -1 #SUP: 11
4986 -1 #SUP: 13
4998 -1 #SUP: 25
5008 -1 #SUP: 14
5012 -1 #SUP: 11
5013 -1 #SUP: 14
5020 -1 #SUP: 41
5023 -1 #SUP: 54
5024 -1 #SUP: 10
5031 -1 #SUP: 21
5036 -1 #SUP: 17
5042 -1 #SUP: 11
5045 -1 #SUP: 25
5047 -1 #SUP: 35
5066 -1 #SUP: 12
5069 -1 #SUP: 12
5086 -1 #SUP: 14
5089 -1 #SUP: 34
5092 -1 #SUP: 16
5097 -1 #SUP: 37
5100 -1 #SUP: 93
5100 -1 12599 -1 #SUP: 10
5100 -1 12639 -1 #SUP: 11
5100 -1 16820 -1 #SUP: 15
5100 -1 1719 -1 #SUP: 10
5112 -1 #SUP: 13
5113 -1 #SUP: 12
5141 -1 #SUP: 64
5141 -1 8866 -1 #SUP: 10
5147 -1 #SUP: 22
5149 -1 #SUP: 35
5152 -1 #SUP: 10
5165 -1 #SUP: 29
5171 -1 #SUP: 18
5180 -1 #SUP: 24
5186 -1 #SUP: 17
5206 -1 #SUP: 11
5220 -1 #SUP: 10
5221 -1 #SUP: 11
5224 -1 #SUP: 16
5228 -1 #SUP: 14
5238 -1 #SUP: 11
5247 -1 #SUP: 11
5252 -1 #SUP: 18
5254 -1 #SUP: 22
5259 -1 #SUP: 12
5260 -1 #SUP: 11
5286 -1 #SUP: 10
5296 -1 #SUP: 22
5300 -1 #SUP: 12
5309 -1 #SUP: 14
5328 -1 #SUP: 10
5336 -1 #SUP: 14
5355 -1 #SUP: 22
5359 -1 #SUP: 52
5379 -1 #SUP: 11
5382 -1 #SUP: 22
5400 -1 #SUP: 14
5401 -1 #SUP: 13
5403 -1 #SUP: 17
5429 -1 #SUP: 21
5443 -1 #SUP: 23
5463 -1 #SUP: 30
5474 -1 #SUP: 30
5478 -1 #SUP: 11
5481 -1 #SUP: 12
5485 -1 #SUP: 19
5496 -1 #SUP: 17
5510 -1 #SUP: 13
5513 -1 #SUP: 20
5527 -1 #SUP: 11
5534 -1 #SUP: 27
5541 -1 #SUP: 24
5547 -1 #SUP: 11
5551 -1 #SUP: 14
5559 -1 #SUP: 16
5564 -1 #SUP: 22
5572 -1 #SUP: 45
5576 -1 #SUP: 79
5576 -1 18440 -1 #SUP: 15
5604 -1 #SUP: 18
5606 -1 #SUP: 150
5606 -1 80 -1 #SUP: 10
5606 -1 16494 -1 #SUP: 10
5606 -1 16601 -1 #SUP: 11
5606 -1 12510 -1 #SUP: 18
5606 -1 2437 -1 #SUP: 14
5606 -1 16820 -1 #SUP: 16
5606 -1 10711 -1 #SUP: 12
5606 -1 14826 -1 #SUP: 17
5606 -1 541 -1 #SUP: 12
5606 -1 8767 -1 #SUP: 19
5606 -1 10848 -1 #SUP: 12
5606 -1 2674 -1 #SUP: 12
5606 -1 648 -1 #SUP: 26
5606 -1 2780 -1 #SUP: 22
5606 -1 11070 -1 #SUP: 11
5606 -1 11107 -1 #SUP: 10
5606 -1 868 -1 #SUP: 11
5606 -1 2997 -1 #SUP: 19
5606 -1 5141 -1 #SUP: 16
5606 -1 17652 -1 #SUP: 10
5606 -1 7506 -1 #SUP: 16
5606 -1 3431 -1 #SUP: 17
5606 -1 20134 -1 #SUP: 12
5606 -1 11943 -1 #SUP: 12
5606 -1 20172 -1 #SUP: 12
5606 -1 8145 -1 #SUP: 11
5606 -1 18428 -1 #SUP: 16
5611 -1 #SUP: 35
5612 -1 #SUP: 20
5620 -1 #SUP: 13
5621 -1 #SUP: 13
5630 -1 #SUP: 34
5631 -1 #SUP: 18
5633 -1 #SUP: 33
5639 -1 #SUP: 12
5640 -1 #SUP: 10
5641 -1 #SUP: 22
5644 -1 #SUP: 11
5649 -1 #SUP: 21
5651 -1 #SUP: 17
5654 -1 #SUP: 18
5655 -1 #SUP: 34
5661 -1 #SUP: 21
5663 -1 #SUP: 10
5665 -1 #SUP: 29
5668 -1 #SUP: 29
5674 -1 #SUP: 15
5675 -1 #SUP: 11
5679 -1 #SUP: 33
5685 -1 #SUP: 44
5700 -1 #SUP: 22
5707 -1 #SUP: 19
5722 -1 #SUP: 34
5725 -1 #SUP: 12
5739 -1 #SUP: 36
5742 -1 #SUP: 16
5746 -1 #SUP: 20
5749 -1 #SUP: 13
5750 -1 #SUP: 28
5751 -1 #SUP: 22
5761 -1 #SUP: 13
5765 -1 #SUP: 19
5768 -1 #SUP: 11
5778 -1 #SUP: 16
5778 -1 6925 -1 #SUP: 11
5778 -1 20254 -1 #SUP: 11
5786 -1 #SUP: 38
5793 -1 #SUP: 10
5805 -1 #SUP: 19
5815 -1 #SUP: 26
5817 -1 #SUP: 24
5846 -1 #SUP: 36
5859 -1 #SUP: 21
5861 -1 #SUP: 11
5881 -1 #SUP: 98
5881 -1 15767 -1 #SUP: 10
5881 -1 6681 -1 #SUP: 11
5881 -1 20242 -1 #SUP: 11
5882 -1 #SUP: 10
5890 -1 #SUP: 15
5892 -1 #SUP: 17
5893 -1 #SUP: 12
5903 -1 #SUP: 32
5905 -1 #SUP: 14
5911 -1 #SUP: 19
5924 -1 #SUP: 49
5924 -1 20242 -1 #SUP: 10
5925 -1 #SUP: 14
5940 -1 #SUP: 18
5947 -1 #SUP: 35
5965 -1 #SUP: 14
5968 -1 #SUP: 12
5978 -1 #SUP: 13
5983 -1 #SUP: 10
6005 -1 #SUP: 23
6010 -1 #SUP: 13
6015 -1 #SUP: 23
6020 -1 #SUP: 11
6026 -1 #SUP: 16
6054 -1 #SUP: 12
6062 -1 #SUP: 24
6077 -1 #SUP: 12
6080 -1 #SUP: 17
6085 -1 #SUP: 18
6090 -1 #SUP: 14
6093 -1 #SUP: 27
6098 -1 #SUP: 28
6103 -1 #SUP: 51
6103 -1 20263 -1 #SUP: 12
6103 -1 8047 -1 #SUP: 11
6105 -1 #SUP: 10
6109 -1 #SUP: 12
6113 -1 #SUP: 17
6137 -1 #SUP: 25
6139 -1 #SUP: 32
6149 -1 #SUP: 11
6172 -1 #SUP: 13
6174 -1 #SUP: 10
6177 -1 #SUP: 10
6189 -1 #SUP: 19
6197 -1 #SUP: 17
6197 -1 20121 -1 #SUP: 12
6197 -1 16861 -1 #SUP: 12
6197 -1 16861 -1 20121 -1 #SUP: 11
6197 -1 10926 -1 #SUP: 10
6201 -1 #SUP: 12
6214 -1 #SUP: 21
6220 -1 #SUP: 36
6222 -1 #SUP: 11
6223 -1 #SUP: 19
6237 -1 #SUP: 15
6239 -1 #SUP: 10
6242 -1 #SUP: 27
6245 -1 #SUP: 26
6253 -1 #SUP: 81
6253 -1 15578 -1 #SUP: 11
6253 -1 14591 -1 #SUP: 10
6253 -1 13980 -1 #SUP: 11
6253 -1 17096 -1 #SUP: 11
6253 -1 8956 -1 #SUP: 12
6253 -1 13101 -1 #SUP: 15
6253 -1 13139 -1 #SUP: 11
6253 -1 15209 -1 #SUP: 10
6253 -1 13237 -1 #SUP: 10
6253 -1 18381 -1 #SUP: 12
6285 -1 #SUP: 33
6287 -1 #SUP: 23
6297 -1 #SUP: 16
6317 -1 #SUP: 11
6323 -1 #SUP: 10
6332 -1 #SUP: 17
6343 -1 #SUP: 18
6350 -1 #SUP: 18
6353 -1 #SUP: 17
6360 -1 #SUP: 11
6370 -1 #SUP: 19
6383 -1 #SUP: 14
6405 -1 #SUP: 14
6408 -1 #SUP: 42
6408 -1 9003 -1 #SUP: 13
6408 -1 12623 -1 #SUP: 15
6409 -1 #SUP: 15
6411 -1 #SUP: 35
6430 -1 #SUP: 18
6433 -1 #SUP: 61
6442 -1 #SUP: 39
6444 -1 #SUP: 47
6453 -1 #SUP: 27
6472 -1 #SUP: 26
6483 -1 #SUP: 10
6489 -1 #SUP: 22
6491 -1 #SUP: 26
6492 -1 #SUP: 14
6494 -1 #SUP: 16
6496 -1 #SUP: 21
6498 -1 #SUP: 19
6518 -1 #SUP: 24
6524 -1 #SUP: 22
6529 -1 #SUP: 20
6533 -1 #SUP: 16
6554 -1 #SUP: 12
6556 -1 #SUP: 16
6557 -1 #SUP: 27
6575 -1 #SUP: 12
6577 -1 #SUP: 62
6584 -1 #SUP: 12
6591 -1 #SUP: 12
6600 -1 #SUP: 17
6606 -1 #SUP: 37
6620 -1 #SUP: 30
6624 -1 #SUP: 21
6629 -1 #SUP: 11
6659 -1 #SUP: 11
6666 -1 #SUP: 12
6667 -1 #SUP: 10
6671 -1 #SUP: 10
6672 -1 #SUP: 63
6672 -1 12071 -1 #SUP: 13
6672 -1 3961 -1 #SUP: 16
6681 -1 #SUP: 44
6682 -1 #SUP: 12
6687 -1 #SUP: 11
6695 -1 #SUP: 44
6695 -1 18830 -1 #SUP: 10
6703 -1 #SUP: 17
6704 -1 #SUP: 12
6708 -1 #SUP: 15
6710 -1 #SUP: 11
6715 -1 #SUP: 14
6716 -1 #SUP: 11
6732 -1 #SUP: 21
6736 -1 #SUP: 21
6776 -1 #SUP: 33
6784 -1 #SUP: 13
6788 -1 #SUP: 31
6799 -1 #SUP: 17
6813 -1 #SUP: 21
6814 -1 #SUP: 10
6821 -1 #SUP: 28
6823 -1 #SUP: 70
6826 -1 #SUP: 11
6837 -1 #SUP: 13
6844 -1 #SUP: 12
6868 -1 #SUP: 21
6892 -1 #SUP: 66
6892 -1 10496 -1 #SUP: 14
6892 -1 14309 -1 #SUP: 12
6893 -1 #SUP: 32
6925 -1 #SUP: 19
6933 -1 #SUP: 29
6937 -1 #SUP: 14
6949 -1 #SUP: 14
6951 -1 #SUP: 11
6954 -1 #SUP: 23
6957 -1 #SUP: 16
6971 -1 #SUP: 89
6972 -1 #SUP: 10
6981 -1 #SUP: 26
6985 -1 #SUP: 30
7000 -1 #SUP: 14
7009 -1 #SUP: 72
7009 -1 16820 -1 #SUP: 10
7009 -1 1719 -1 #SUP: 11
7025 -1 #SUP: 15
7031 -1 #SUP: 12
7035 -1 #SUP: 11
7040 -1 #SUP: 15
7059 -1 #SUP: 21
7068 -1 #SUP: 10
7077 -1 #SUP: 26
7081 -1 #SUP: 14
7085 -1 #SUP: 34
7092 -1 #SUP: 12
7100 -1 #SUP: 19
7109 -1 #SUP: 18
7114 -1 #SUP: 15
7131 -1 #SUP: 18
7147 -1 #SUP: 35
7153 -1 #SUP: 40
7157 -1 #SUP: 14
7163 -1 #SUP: 33
7185 -1 #SUP: 10
7187 -1 #SUP: 15
7195 -1 #SUP: 14
7197 -1 #SUP: 22
7199 -1 #SUP: 13
7224 -1 #SUP: 37
7238 -1 #SUP: 10
7256 -1 #SUP: 28
7260 -1 #SUP: 18
7272 -1 #SUP: 11
7309 -1 #SUP: 13
7312 -1 #SUP: 28
7319 -1 #SUP: 10
7321 -1 #SUP: 20
7323 -1 #SUP: 29
7341 -1 #SUP: 14
7342 -1 #SUP: 13
7350 -1 #SUP: 15
7363 -1 #SUP: 12
7367 -1 #SUP: 16
7385 -1 #SUP: 16
7386 -1 #SUP: 12
7394 -1 #SUP: 24
7400 -1 #SUP: 13
7416 -1 #SUP: 25
7427 -1 #SUP: 18
7430 -1 #SUP: 13
7436 -1 #SUP: 18
7453 -1 #SUP: 12
7456 -1 #SUP: 13
7460 -1 #SUP: 10
7463 -1 #SUP: 16
7465 -1 #SUP: 39
7475 -1 #SUP: 15
7478 -1 #SUP: 16
7479 -1 #SUP: 16
7485 -1 #SUP: 35
7490 -1 #SUP: 26
7499 -1 #SUP: 11
7506 -1 #SUP: 72
7506 -1 5141 -1 #SUP: 12
7506 -1 16494 -1 #SUP: 10
7506 -1 8539 -1 #SUP: 12
7506 -1 5606 -1 #SUP: 10
7506 -1 14826 -1 #SUP: 17
7506 -1 10848 -1 #SUP: 10
7506 -1 648 -1 #SUP: 10
7506 -1 11943 -1 #SUP: 10
7506 -1 868 -1 #SUP: 10
7508 -1 #SUP: 11
7513 -1 #SUP: 15
7516 -1 #SUP: 12
7517 -1 #SUP: 38
7544 -1 #SUP: 45
7545 -1 #SUP: 47
7545 -1 1111 -1 #SUP: 10
7550 -1 #SUP: 12
7556 -1 #SUP: 14
7558 -1 #SUP: 23
7565 -1 #SUP: 13
7567 -1 #SUP: 16
7577 -1 #SUP: 14
7578 -1 #SUP: 22
7596 -1 #SUP: 23
7610 -1 #SUP: 10
7611 -1 #SUP: 19
7619 -1 #SUP: 26
7628 -1 #SUP: 15
7629 -1 #SUP: 26
7645 -1 #SUP: 32
7645 -1 4743 -1 #SUP: 12
7660 -1 #SUP: 13
7694 -1 #SUP: 13
7696 -1 #SUP: 10
7722 -1 #SUP: 18
7728 -1 #SUP: 39
7728 -1 9291 -1 #SUP: 11
7728 -1 2780 -1 #SUP: 11
7734 -1 #SUP: 15
7739 -1 #SUP: 11
7750 -1 #SUP: 12
7751 -1 #SUP: 18
7760 -1 #SUP: 10
7765 -1 #SUP: 25
7811 -1 #SUP: 33
7817 -1 #SUP: 11
7820 -1 #SUP: 19
7833 -1 #SUP: 12
7855 -1 #SUP: 20
7857 -1 #SUP: 14
7868 -1 #SUP: 10
7870 -1 #SUP: 14
7874 -1 #SUP: 11
7878 -1 #SUP: 11
7879 -1 #SUP: 10
7886 -1 #SUP: 11
7889 -1 #SUP: 57
7896 -1 #SUP: 20
7920 -1 #SUP: 16
7923 -1 #SUP: 11
7925 -1 #SUP: 10
7931 -1 #SUP: 28
7940 -1 #SUP: 15
7943 -1 #SUP: 23
7947 -1 #SUP: 37
7961 -1 #SUP: 42
7961 -1 12071 -1 #SUP: 10
7964 -1 #SUP: 29
7966 -1 #SUP: 10
7989 -1 #SUP: 54
8001 -1 #SUP: 26
8017 -1 #SUP: 18
8018 -1 #SUP: 44
8018 -1 3431 -1 #SUP: 12
8018 -1 2970 -1 #SUP: 10
8031 -1 #SUP: 13
8033 -1 #SUP: 32
8041 -1 #SUP: 29
8045 -1 #SUP: 40
8047 -1 #SUP: 90
8047 -1 9246 -1 #SUP: 10
8047 -1 14572 -1 #SUP: 10
8047 -1 20247 -1 #SUP: 11
8047 -1 12071 -1 #SUP: 10
8050 -1 #SUP: 16
8063 -1 #SUP: 19
8082 -1 #SUP: 15
8088 -1 #SUP: 11
8110 -1 #SUP: 22
8112 -1 #SUP: 38
8117 -1 #SUP: 14
8118 -1 #SUP: 13
8135 -1 #SUP: 14
8138 -1 #SUP: 78
8138 -1 17200 -1 #SUP: 15
8138 -1 14154 -1 #SUP: 13
8145 -1 #SUP: 85
8145 -1 16502 -1 #SUP: 10
8145 -1 10848 -1 #SUP: 11
8145 -1 4949 -1 #SUP: 10
8154 -1 #SUP: 13
8160 -1 #SUP: 28
8164 -1 #SUP: 13
8167 -1 #SUP: 16
8169 -1 #SUP: 59
8169 -1 4743 -1 #SUP: 10
8172 -1 #SUP: 13
8179 -1 #SUP: 12
8181 -1 #SUP: 14
8195 -1 #SUP: 19
8198 -1 #SUP: 12
8207 -1 #SUP: 14
8208 -1 #SUP: 15
8218 -1 #SUP: 12
8229 -1 #SUP: 49
8229 -1 6892 -1 #SUP: 11
8231 -1 #SUP: 11
8242 -1 #SUP: 15
8248 -1 #SUP: 16
8265 -1 #SUP: 13
8275 -1 #SUP: 48
8281 -1 #SUP: 11
8288 -1 #SUP: 15
8304 -1 #SUP: 51
8304 -1 12639 -1 #SUP: 11
8304 -1 16820 -1 #SUP: 12
8304 -1 1719 -1 #SUP: 14
8304 -1 5100 -1 #SUP: 10
8324 -1 #SUP: 17
8331 -1 #SUP: 14
8339 -1 #SUP: 10
8342 -1 #SUP: 25
8345 -1 #SUP: 28
8356 -1 #SUP: 63
8356 -1 17200 -1 #SUP: 14
8356 -1 1944 -1 #SUP: 13
8358 -1 #SUP: 21
8360 -1 #SUP: 14
8362 -1 #SUP: 11
8377 -1 #SUP: 26
8378 -1 #SUP: 33
8390 -1 #SUP: 10
8391 -1 #SUP: 11
8403 -1 #SUP: 10
8407 -1 #SUP: 16
8415 -1 #SUP: 11
8421 -1 #SUP: 12
8437 -1 #SUP: 31
8443 -1 #SUP: 10
8452 -1 #SUP: 10
8456 -1 #SUP: 43
8461 -1 #SUP: 12
8464 -1 #SUP: 11
8466 -1 #SUP: 43
8466 -1 9257 -1 #SUP: 10
8466 -1 16521 -1 #SUP: 10
8466 -1 6408 -1 #SUP: 11
8466 -1 9003 -1 #SUP: 10
8466 -1 7544 -1 #SUP: 11
8468 -1 #SUP: 10
8469 -1 #SUP: 11
8470 -1 #SUP: 20
8474 -1 #SUP: 44
8481 -1 #SUP: 15
8487 -1 #SUP: 17
8491 -1 #SUP: 56
8491 -1 10848 -1 #SUP: 13
8491 -1 16502 -1 #SUP: 10
8491 -1 20172 -1 #SUP: 16
8491 -1 2919 -1 #SUP: 10
8491 -1 411 -1 #SUP: 14
8491 -1 15771 -1 #SUP: 10
8491 -1 2497 -1 #SUP: 10
8493 -1 #SUP: 12
8498 -1 #SUP: 25
8499 -1 #SUP: 12
8506 -1 #SUP: 24
8507 -1 #SUP: 23
8514 -1 #SUP: 16
8539 -1 #SUP: 62
8549 -1 #SUP: 21
8550 -1 #SUP: 13
8560 -1 #SUP: 24
8573 -1 #SUP: 54
8600 -1 #SUP: 26
8614 -1 #SUP: 12
8618 -1 #SUP: 11
8620 -1 #SUP: 10
8627 -1 #SUP: 13
8628 -1 #SUP: 10
8637 -1 #SUP: 17
8640 -1 #SUP: 20
8643 -1 #SUP: 27
8658 -1 #SUP: 17
8659 -1 #SUP: 13
8672 -1 #SUP: 20
8681 -1 #SUP: 47
8681 -1 2674 -1 #SUP: 10
8686 -1 #SUP: 10
8690 -1 #SUP: 28
8692 -1 #SUP: 19
8699 -1 #SUP: 12
8709 -1 #SUP: 40
8709 -1 9257 -1 #SUP: 13
8709 -1 6408 -1 #SUP: 12
8709 -1 8466 -1 #SUP: 17
8709 -1 9003 -1 #SUP: 13
8717 -1 #SUP: 14
8721 -1 #SUP: 14
8725 -1 #SUP: 11
8727 -1 #SUP: 12
8731 -1 #SUP: 14
8734 -1 #SUP: 23
8749 -1 #SUP: 84
8749 -1 12311 -1 #SUP: 11
8749 -1 1063 -1 #SUP: 10
8749 -1 12393 -1 #SUP: 14
8749 -1 20242 -1 #SUP: 12
8750 -1 #SUP: 17
8767 -1 #SUP: 71
8767 -1 17652 -1 #SUP: 12
8767 -1 2437 -1 #SUP: 12
8767 -1 5606 -1 #SUP: 19
8767 -1 648 -1 #SUP: 18
8767 -1 2997 -1 #SUP: 10
8768 -1 #SUP: 12
8794 -1 #SUP: 15
8813 -1 #SUP: 19
8822 -1 #SUP: 39
8828 -1 #SUP: 24
8838 -1 #SUP: 29
8847 -1 #SUP: 11
8852 -1 #SUP: 22
8859 -1 #SUP: 10
8866 -1 #SUP: 51
8866 -1 14826 -1 #SUP: 13
8869 -1 #SUP: 12
8872 -1 #SUP: 33
8872 -1 13402 -1 #SUP: 12
8880 -1 #SUP: 28
8885 -1 #SUP: 38
8890 -1 #SUP: 18
8894 -1 #SUP: 11
8895 -1 #SUP: 13
8928 -1 #SUP: 32
8932 -1 #SUP: 18
8934 -1 #SUP: 21
8950 -1 #SUP: 18
8953 -1 #SUP: 30
8953 -1 2930 -1 #SUP: 10
8956 -1 #SUP: 127
8956 -1 8229 -1 #SUP: 16
8956 -1 14395 -1 #SUP: 23
8956 -1 11366 -1 #SUP: 11
8956 -1 6253 -1 #SUP: 14
8956 -1 17597 -1 #SUP: 12
8956 -1 15578 -1 #SUP: 17
8956 -1 14591 -1 #SUP: 10
8956 -1 10496 -1 #SUP: 13
8956 -1 12563 -1 #SUP: 13
8956 -1 3347 -1 #SUP: 15
8956 -1 18728 -1 #SUP: 17
8956 -1 4460 -1 #SUP: 15
8956 -1 14758 -1 #SUP: 15
8956 -1 11896 -1 #SUP: 14
8956 -1 13980 -1 #SUP: 21
8956 -1 17096 -1 #SUP: 11
8956 -1 6892 -1 #SUP: 11
8956 -1 3885 -1 #SUP: 11
8956 -1 13139 -1 #SUP: 14
8956 -1 17239 -1 #SUP: 20
8956 -1 18266 -1 #SUP: 11
8956 -1 13237 -1 #SUP: 24
8964 -1 #SUP: 10
8985 -1 #SUP: 21
8995 -1 #SUP: 19
8996 -1 #SUP: 12
9002 -1 #SUP: 25
9003 -1 #SUP: 67
9003 -1 9231 -1 #SUP: 10
9003 -1 4743 -1 #SUP: 12
9003 -1 6408 -1 #SUP: 13
9003 -1 12623 -1 #SUP: 15
9007 -1 #SUP: 32
9050 -1 #SUP: 11
9051 -1 #SUP: 23
9060 -1 #SUP: 32
9060 -1 7323 -1 #SUP: 12
9061 -1 #SUP: 13
9081 -1 #SUP: 14
9117 -1 #SUP: 10
9120 -1 #SUP: 11
9145 -1 #SUP: 14
9154 -1 #SUP: 13
9163 -1 #SUP: 31
9168 -1 #SUP: 13
9173 -1 #SUP: 34
9180 -1 #SUP: 14
9183 -1 #SUP: 39
9199 -1 #SUP: 11
9201 -1 #SUP: 22
9205 -1 #SUP: 21
9211 -1 #SUP: 20
9229 -1 #SUP: 28
9231 -1 #SUP: 62
9231 -1 6776 -1 #SUP: 13
9231 -1 4743 -1 #SUP: 11
9231 -1 9003 -1 #SUP: 11
9232 -1 #SUP: 35
9242 -1 #SUP: 10
9245 -1 #SUP: 15
9246 -1 #SUP: 69
9246 -1 2551 -1 #SUP: 12
9246 -1 10834 -1 #SUP: 10
9246 -1 15988 -1 #SUP: 14
9246 -1 7961 -1 #SUP: 11
9249 -1 #SUP: 18
9253 -1 #SUP: 27
9255 -1 #SUP: 11
9257 -1 #SUP: 23
9259 -1 #SUP: 30
9273 -1 #SUP: 23
9281 -1 #SUP: 10
9288 -1 #SUP: 31
9289 -1 #SUP: 12
9291 -1 #SUP: 70
9291 -1 1719 -1 #SUP: 13
9295 -1 #SUP: 10
9300 -1 #SUP: 18
9314 -1 #SUP: 10
9323 -1 #SUP: 23
9337 -1 #SUP: 17
9338 -1 #SUP: 11
9346 -1 #SUP: 33
9359 -1 #SUP: 11
9383 -1 #SUP: 12
9388 -1 #SUP: 23
9392 -1 #SUP: 16
9394 -1 #SUP: 38
9396 -1 #SUP: 14
9412 -1 #SUP: 22
9429 -1 #SUP: 11
9434 -1 #SUP: 14
9436 -1 #SUP: 16
9437 -1 #SUP: 10
9440 -1 #SUP: 14
9441 -1 #SUP: 78
9441 -1 1232 -1 #SUP: 12
9441 -1 1434 -1 #SUP: 10
9457 -1 #SUP: 27
9471 -1 #SUP: 22
9473 -1 #SUP: 46
9473 -1 663 -1 #SUP: 10
9477 -1 #SUP: 37
9486 -1 #SUP: 14
9491 -1 #SUP: 25
9493 -1 #SUP: 11
9503 -1 #SUP: 12
9504 -1 #SUP: 23
9508 -1 #SUP: 18
9509 -1 #SUP: 13
9528 -1 #SUP: 13
9530 -1 #SUP: 17
9550 -1 #SUP: 17
9571 -1 #SUP: 12
9579 -1 #SUP: 43
9580 -1 #SUP: 32
9585 -1 #SUP: 13
9591 -1 #SUP: 10
9598 -1 #SUP: 15
9610 -1 #SUP: 10
9623 -1 #SUP: 16
9624 -1 #SUP: 18
9635 -1 #SUP: 22
9637 -1 #SUP: 10
9645 -1 #SUP: 10
9651 -1 #SUP: 10
9655 -1 #SUP: 16
9668 -1 #SUP: 19
9669 -1 #SUP: 25
9670 -1 #SUP: 31
9670 -1 10694 -1 #SUP: 11
9670 -1 6 -1 #SUP: 17
9670 -1 11654 -1 #SUP: 10
9670 -1 12173 -1 #SUP: 13
9670 -1 15312 -1 #SUP: 12
9670 -1 7323 -1 #SUP: 10
9670 -1 9060 -1 #SUP: 11
9670 -1 17764 -1 #SUP: 13
9670 -1 18289 -1 #SUP: 11
9672 -1 #SUP: 28
9674 -1 #SUP: 10
9676 -1 #SUP: 22
9681 -1 #SUP: 30
9690 -1 #SUP: 17
9698 -1 #SUP: 16
9701 -1 #SUP: 14
9705 -1 #SUP: 61
9705 -1 10250 -1 #SUP: 12
9705 -1 2674 -1 #SUP: 10
9705 -1 3885 -1 #SUP: 10
9705 -1 2912 -1 #SUP: 11
9705 -1 11107 -1 #SUP: 12
9706 -1 #SUP: 15
9710 -1 #SUP: 25
9712 -1 #SUP: 25
9715 -1 #SUP: 14
9717 -1 #SUP: 13
9721 -1 #SUP: 13
9730 -1 #SUP: 13
9740 -1 #SUP: 16
9744 -1 #SUP: 12
9748 -1 #SUP: 14
9760 -1 #SUP: 12
9765 -1 #SUP: 20
9778 -1 #SUP: 22
9804 -1 #SUP: 69
9815 -1 #SUP: 13
9819 -1 #SUP: 11
9826 -1 #SUP: 37
9834 -1 #SUP: 62
9834 -1 10834 -1 #SUP: 10
9834 -1 663 -1 #SUP: 10
9834 -1 4253 -1 #SUP: 10
9834 -1 14147 -1 #SUP: 11
9834 -1 11688 -1 #SUP: 11
9847 -1 #SUP: 22
9855 -1 #SUP: 12
9882 -1 #SUP: 19
9887 -1 #SUP: 13
9903 -1 #SUP: 33
9912 -1 #SUP: 10
9913 -1 #SUP: 46
9919 -1 #SUP: 12
9940 -1 #SUP: 33
9941 -1 #SUP: 88
9942 -1 #SUP: 21
9959 -1 #SUP: 10
9961 -1 #SUP: 12
9963 -1 #SUP: 64
9963 -1 12393 -1 #SUP: 10
9974 -1 #SUP: 46
9984 -1 #SUP: 35
9995 -1 #SUP: 10
9996 -1 #SUP: 13
10005 -1 #SUP: 16
10013 -1 #SUP: 69
10013 -1 5881 -1 #SUP: 10
10019 -1 #SUP: 30
10024 -1 #SUP: 26
10034 -1 #SUP: 10
10038 -1 #SUP: 13
10041 -1 #SUP: 19
10047 -1 #SUP: 11
10074 -1 #SUP: 11
10081 -1 #SUP: 19
10086 -1 #SUP: 12
10089 -1 #SUP: 52
10100 -1 #SUP: 40
10112 -1 #SUP: 34
10135 -1 #SUP: 15
10137 -1 #SUP: 31
10183 -1 #SUP: 16
10201 -1 #SUP: 17
10228 -1 #SUP: 12
10234 -1 #SUP: 26
10236 -1 #SUP: 18
10239 -1 #SUP: 21
10250 -1 #SUP: 65
10250 -1 2674 -1 #SUP: 12
10251 -1 #SUP: 24
10259 -1 #SUP: 28
10264 -1 #SUP: 60
10264 -1 6253 -1 #SUP: 10
10264 -1 13980 -1 #SUP: 11
10264 -1 4795 -1 #SUP: 10
10264 -1 15578 -1 #SUP: 16
10264 -1 3885 -1 #SUP: 13
10264 -1 13139 -1 #SUP: 15
10264 -1 17239 -1 #SUP: 21
10264 -1 360 -1 #SUP: 11
10264 -1 2412 -1 #SUP: 15
10264 -1 13237 -1 #SUP: 15
10264 -1 18381 -1 #SUP: 16
10269 -1 #SUP: 85
10269 -1 12639 -1 #SUP: 13
10269 -1 16905 -1 #SUP: 11
10269 -1 10848 -1 #SUP: 10
10269 -1 20169 -1 #SUP: 13
10269 -1 20172 -1 #SUP: 11
10269 -1 797 -1 #SUP: 14
10270 -1 #SUP: 10
10282 -1 #SUP: 14
10285 -1 #SUP: 26
10300 -1 #SUP: 18
10306 -1 #SUP: 16
10316 -1 #SUP: 20
10323 -1 #SUP: 17
10328 -1 #SUP: 12
10339 -1 #SUP: 29
10346 -1 #SUP: 37
10347 -1 #SUP: 11
10351 -1 #SUP: 19
10379 -1 #SUP: 10
10410 -1 #SUP: 10
10414 -1 #SUP: 21
10419 -1 #SUP: 20
10435 -1 #SUP: 16
10437 -1 #SUP: 14
10438 -1 #SUP: 30
10442 -1 #SUP: 25
10446 -1 #SUP: 12
10449 -1 #SUP: 16
10470 -1 #SUP: 13
10474 -1 #SUP: 34
10481 -1 #SUP: 27
10491 -1 #SUP: 18
10492 -1 #SUP: 11
10496 -1 #SUP: 109
10496 -1 13452 -1 #SUP: 10
10496 -1 15578 -1 #SUP: 15
10496 -1 13671 -1 #SUP: 12
10496 -1 11896 -1 #SUP: 14
10496 -1 13980 -1 #SUP: 10
10496 -1 6892 -1 #SUP: 18
10496 -1 4057 -1 #SUP: 12
10496 -1 14309 -1 #SUP: 12
10511 -1 #SUP: 11
10521 -1 #SUP: 21
10543 -1 #SUP: 12
10567 -1 #SUP: 61
10572 -1 #SUP: 14
10577 -1 #SUP: 14
10584 -1 #SUP: 15
10591 -1 #SUP: 74
10591 -1 16494 -1 #SUP: 20
10591 -1 18876 -1 #SUP: 10
10596 -1 #SUP: 34
10618 -1 #SUP: 26
10622 -1 #SUP: 10
10625 -1 #SUP: 19
10629 -1 #SUP: 55
10629 -1 2912 -1 #SUP: 13
10630 -1 #SUP: 10
10636 -1 #SUP: 50
10638 -1 #SUP: 12
10654 -1 #SUP: 15
10657 -1 #SUP: 13
10673 -1 #SUP: 13
10679 -1 #SUP: 36
10684 -1 #SUP: 15
10689 -1 #SUP: 19
10691 -1 #SUP: 53
10694 -1 #SUP: 15
10706 -1 #SUP: 75
10706 -1 1111 -1 #SUP: 10
10706 -1 16866 -1 #SUP: 13
10706 -1 20169 -1 #SUP: 10
10708 -1 #SUP: 25
10711 -1 #SUP: 55
10711 -1 11943 -1 #SUP: 10
10711 -1 2497 -1 #SUP: 11
10716 -1 #SUP: 25
10738 -1 #SUP: 16
10742 -1 #SUP: 33
10743 -1 #SUP: 28
10745 -1 #SUP: 14
10760 -1 #SUP: 22
10786 -1 #SUP: 15
10788 -1 #SUP: 16
10791 -1 #SUP: 13
10801 -1 #SUP: 15
10807 -1 #SUP: 32
10825 -1 #SUP: 12
10828 -1 #SUP: 54
10830 -1 #SUP: 22
10833 -1 #SUP: 48
10834 -1 #SUP: 66
10834 -1 1992 -1 #SUP: 12
10843 -1 #SUP: 10
10848 -1 #SUP: 138
10848 -1 1111 -1 #SUP: 15
10848 -1 16502 -1 #SUP: 11
10848 -1 17584 -1 #SUP: 13
10848 -1 2272 -1 #SUP: 15
10848 -1 8491 -1 #SUP: 20
10848 -1 411 -1 #SUP: 24
10848 -1 15771 -1 #SUP: 14
10848 -1 2497 -1 #SUP: 23
10848 -1 5572 -1 #SUP: 14
10848 -1 14826 -1 #SUP: 14
10848 -1 14008 -1 #SUP: 14
10848 -1 20172 -1 #SUP: 27
10848 -1 3830 -1 #SUP: 10
10848 -1 2919 -1 #SUP: 10
10848 -1 6103 -1 #SUP: 13
10850 -1 #SUP: 17
10855 -1 #SUP: 29
10877 -1 #SUP: 10
10878 -1 #SUP: 12
10880 -1 #SUP: 31
10901 -1 #SUP: 11
10903 -1 #SUP: 11
10910 -1 #SUP: 19
10913 -1 #SUP: 17
10916 -1 #SUP: 10
10921 -1 #SUP: 10
10926 -1 #SUP: 18
10926 -1 19205 -1 #SUP: 11
10926 -1 20121 -1 #SUP: 12
10930 -1 #SUP: 34
10930 -1 18059 -1 #SUP: 15
10930 -1 1710 -1 #SUP: 10
10930 -1 16297 -1 #SUP: 11
10955 -1 #SUP: 17
10957 -1 #SUP: 16
10963 -1 #SUP: 12
10977 -1 #SUP: 34
10985 -1 #SUP: 21
10996 -1 #SUP: 14
11002 -1 #SUP: 23
11006 -1 #SUP: 50
11011 -1 #SUP: 12
11025 -1 #SUP: 12
11027 -1 #SUP: 16
11029 -1 #SUP: 39
11032 -1 #SUP: 13
11046 -1 #SUP: 11
11049 -1 #SUP: 13
11057 -1 #SUP: 11
11063 -1 #SUP: 15
11070 -1 #SUP: 101
11070 -1 2117 -1 #SUP: 12
11070 -1 9291 -1 #SUP: 11
11070 -1 16820 -1 #SUP: 12
11070 -1 550 -1 #SUP: 14
11070 -1 18074 -1 #SUP: 15
11070 -1 17157 -1 #SUP: 12
11070 -1 2912 -1 #SUP: 10
11074 -1 #SUP: 25
11084 -1 #SUP: 13
11101 -1 #SUP: 19
11107 -1 #SUP: 79
11107 -1 15578 -1 #SUP: 10
11107 -1 2674 -1 #SUP: 12
11107 -1 3885 -1 #SUP: 10
11107 -1 13139 -1 #SUP: 16
11107 -1 17239 -1 #SUP: 11
11117 -1 #SUP: 28
11119 -1 #SUP: 15
11133 -1 #SUP: 40
11148 -1 #SUP: 15
11151 -1 #SUP: 10
11157 -1 #SUP: 46
11162 -1 #SUP: 14
11164 -1 #SUP: 25
11173 -1 #SUP: 23
11176 -1 #SUP: 24
11180 -1 #SUP: 30
11196 -1 #SUP: 12
11206 -1 #SUP: 36
11206 -1 13237 -1 #SUP: 11
11211 -1 #SUP: 10
11214 -1 #SUP: 10
11226 -1 #SUP: 16
11227 -1 #SUP: 16
11233 -1 #SUP: 53
11233 -1 10100 -1 #SUP: 12
11237 -1 #SUP: 19
11245 -1 #SUP: 10
11247 -1 #SUP: 14
11251 -1 #SUP: 10
11255 -1 #SUP: 32
11257 -1 #SUP: 26
11258 -1 #SUP: 24
11275 -1 #SUP: 20
11282 -1 #SUP: 16
11283 -1 #SUP: 21
11284 -1 #SUP: 10
11286 -1 #SUP: 37
11292 -1 #SUP: 13
11303 -1 #SUP: 27
11306 -1 #SUP: 10
11311 -1 #SUP: 11
11313 -1 #SUP: 21
11320 -1 #SUP: 15
11323 -1 #SUP: 12
11345 -1 #SUP: 10
11347 -1 #SUP: 29
11357 -1 #SUP: 63
11363 -1 #SUP: 16
11366 -1 #SUP: 47
11366 -1 3729 -1 #SUP: 11
11368 -1 #SUP: 13
11369 -1 #SUP: 41
11370 -1 #SUP: 20
11373 -1 #SUP: 47
11393 -1 #SUP: 22
11400 -1 #SUP: 28
11400 -1 438 -1 #SUP: 10
11403 -1 #SUP: 19
11405 -1 #SUP: 21
11407 -1 #SUP: 22
11417 -1 #SUP: 24
11420 -1 #SUP: 16
11425 -1 #SUP: 25
11451 -1 #SUP: 28
11462 -1 #SUP: 21
11468 -1 #SUP: 21
11474 -1 #SUP: 35
11477 -1 #SUP: 10
11478 -1 #SUP: 12
11483 -1 #SUP: 45
11496 -1 #SUP: 23
11502 -1 #SUP: 18
11510 -1 #SUP: 21
11513 -1 #SUP: 15
11520 -1 #SUP: 14
11522 -1 #SUP: 16
11531 -1 #SUP: 14
11532 -1 #SUP: 20
11547 -1 #SUP: 11
11572 -1 #SUP: 25
11585 -1 #SUP: 11
11587 -1 #SUP: 15
11591 -1 #SUP: 15
11599 -1 #SUP: 12
11600 -1 #SUP: 15
11610 -1 #SUP: 14
11614 -1 #SUP: 13
11615 -1 #SUP: 21
11622 -1 #SUP: 16
11629 -1 #SUP: 11
11635 -1 #SUP: 10
11638 -1 #SUP: 38
11638 -1 7485 -1 #SUP: 13
11641 -1 #SUP: 12
11646 -1 #SUP: 43
11647 -1 #SUP: 21
11648 -1 #SUP: 28
11654 -1 #SUP: 33
11654 -1 7323 -1 #SUP: 14
11654 -1 9060 -1 #SUP: 11
11659 -1 #SUP: 23
11661 -1 #SUP: 16
11663 -1 #SUP: 11
11664 -1 #SUP: 19
11681 -1 #SUP: 13
11687 -1 #SUP: 11
11688 -1 #SUP: 34
11698 -1 #SUP: 15
11699 -1 #SUP: 32
11702 -1 #SUP: 13
11715 -1 #SUP: 46
11716 -1 #SUP: 17
11722 -1 #SUP: 10
11724 -1 #SUP: 17
11739 -1 #SUP: 26
11740 -1 #SUP: 58
11744 -1 #SUP: 10
11747 -1 #SUP: 12
11756 -1 #SUP: 13
11759 -1 #SUP: 36
11774 -1 #SUP: 21
11789 -1 #SUP: 11
11796 -1 #SUP: 16
11803 -1 #SUP: 21
11805 -1 #SUP: 10
11806 -1 #SUP: 11
11810 -1 #SUP: 19
11829 -1 #SUP: 10
11842 -1 #SUP: 30
11843 -1 #SUP: 13
11850 -1 #SUP: 37
11870 -1 #SUP: 20
11871 -1 #SUP: 18
11880 -1 #SUP: 16
11882 -1 #SUP: 34
11886 -1 #SUP: 10
11894 -1 #SUP: 30
11896 -1 #SUP: 93
11896 -1 10496 -1 #SUP: 11
11896 -1 13980 -1 #SUP: 10
11905 -1 #SUP: 10
11916 -1 #SUP: 35
11928 -1 #SUP: 12
11943 -1 #SUP: 69
11943 -1 14826 -1 #SUP: 11
11943 -1 20172 -1 #SUP: 10
11961 -1 #SUP: 26
12001 -1 #SUP: 13
12008 -1 #SUP: 15
12013 -1 #SUP: 21
12017 -1 #SUP: 13
12041 -1 #SUP: 12
12046 -1 #SUP: 12
12071 -1 #SUP: 58
12075 -1 #SUP: 47
12103 -1 #SUP: 17
12119 -1 #SUP: 16
12125 -1 #SUP: 19
12129 -1 #SUP: 39
12142 -1 #SUP: 11
12162 -1 #SUP: 27
12164 -1 #SUP: 39
12173 -1 #SUP: 45
12173 -1 6 -1 #SUP: 11
12173 -1 12295 -1 #SUP: 11
12173 -1 17764 -1 #SUP: 11
12173 -1 9060 -1 #SUP: 12
12173 -1 18289 -1 #SUP: 10
12174 -1 #SUP: 13
12175 -1 #SUP: 10
12182 -1 #SUP: 11
12187 -1 #SUP: 30
12187 -1 13477 -1 #SUP: 13
12196 -1 #SUP: 17
12226 -1 #SUP: 10
12228 -1 #SUP: 12
12237 -1 #SUP: 22
12250 -1 #SUP: 18
12261 -1 #SUP: 17
12262 -1 #SUP: 25
12278 -1 #SUP: 32
12284 -1 #SUP: 32
12287 -1 #SUP: 11
12295 -1 #SUP: 20
12307 -1 #SUP: 12
12311 -1 #SUP: 53
12315 -1 #SUP: 14
12390 -1 #SUP: 13
12393 -1 #SUP: 122
12393 -1 1063 -1 #SUP: 10
12393 -1 2765 -1 #SUP: 12
12393 -1 20242 -1 #SUP: 14
12395 -1 #SUP: 19
12397 -1 #SUP: 15
12425 -1 #SUP: 40
12425 -1 6411 -1 #SUP: 10
12426 -1 #SUP: 36
12436 -1 #SUP: 70
12436 -1 20263 -1 #SUP: 13
12436 -1 8047 -1 #SUP: 11
12450 -1 #SUP: 23
12461 -1 #SUP: 10
12472 -1 #SUP: 16
12488 -1 #SUP: 25
12490 -1 #SUP: 27
12499 -1 #SUP: 27
12500 -1 #SUP: 19
12506 -1 #SUP: 18
12507 -1 #SUP: 27
12510 -1 #SUP: 85
12510 -1 7506 -1 #SUP: 11
12510 -1 5606 -1 #SUP: 12
12510 -1 2997 -1 #SUP: 10
12516 -1 #SUP: 15
12526 -1 #SUP: 19
12539 -1 #SUP: 14
12550 -1 #SUP: 13
12557 -1 #SUP: 13
12558 -1 #SUP: 10
12559 -1 #SUP: 27
12563 -1 #SUP: 60
12563 -1 3347 -1 #SUP: 10
12564 -1 #SUP: 11
12576 -1 #SUP: 11
12584 -1 #SUP: 10
12587 -1 #SUP: 13
12591 -1 #SUP: 12
12592 -1 #SUP: 14
12594 -1 #SUP: 29
12597 -1 #SUP: 32
12599 -1 #SUP: 84
12599 -1 17918 -1 #SUP: 10
12599 -1 3790 -1 #SUP: 10
12600 -1 #SUP: 16
12612 -1 #SUP: 21
12618 -1 #SUP: 19
12622 -1 #SUP: 16
12622 -1 16494 -1 #SUP: 10
12623 -1 #SUP: 39
12639 -1 #SUP: 76
12639 -1 9291 -1 #SUP: 14
12639 -1 16820 -1 #SUP: 13
12644 -1 #SUP: 10
12646 -1 #SUP: 11
12674 -1 #SUP: 24
12681 -1 #SUP: 17
12688 -1 #SUP: 10
12708 -1 #SUP: 12
12712 -1 #SUP: 28
12715 -1 #SUP: 21
12718 -1 #SUP: 53
12721 -1 #SUP: 39
12739 -1 #SUP: 17
12740 -1 #SUP: 11
12744 -1 #SUP: 21
12765 -1 #SUP: 24
12766 -1 #SUP: 37
12766 -1 8474 -1 #SUP: 12
12768 -1 #SUP: 23
12769 -1 #SUP: 24
12775 -1 #SUP: 19
12783 -1 #SUP: 11
12789 -1 #SUP: 28
12802 -1 #SUP: 16
12806 -1 #SUP: 12
12816 -1 #SUP: 12
12818 -1 #SUP: 10
12822 -1 #SUP: 10
12827 -1 #SUP: 14
12831 -1 #SUP: 10
12834 -1 #SUP: 15
12868 -1 #SUP: 24
12875 -1 #SUP: 10
12882 -1 #SUP: 19
12897 -1 #SUP: 15
12906 -1 #SUP: 34
12908 -1 #SUP: 14
12910 -1 #SUP: 58
12910 -1 5947 -1 #SUP: 10
12919 -1 #SUP: 25
12920 -1 #SUP: 16
12927 -1 #SUP: 29
12929 -1 #SUP: 17
12931 -1 #SUP: 38
12940 -1 #SUP: 12
12952 -1 #SUP: 16
12960 -1 #SUP: 10
12961 -1 #SUP: 11
12963 -1 #SUP: 42
12990 -1 #SUP: 35
12999 -1 #SUP: 13
13002 -1 #SUP: 19
13006 -1 #SUP: 51
13009 -1 #SUP: 19
13011 -1 #SUP: 10
13022 -1 #SUP: 24
13022 -1 14547 -1 #SUP: 10
13029 -1 #SUP: 25
13034 -1 #SUP: 39
13043 -1 #SUP: 12
13052 -1 #SUP: 10
13056 -1 #SUP: 29
13063 -1 #SUP: 17
13074 -1 #SUP: 14
13086 -1 #SUP: 10
13088 -1 #SUP: 24
13101 -1 #SUP: 65
13101 -1 6253 -1 #SUP: 13
13101 -1 2674 -1 #SUP: 10
13101 -1 15578 -1 #SUP: 10
13101 -1 8956 -1 #SUP: 11
13101 -1 13139 -1 #SUP: 10
13107 -1 #SUP: 10
13123 -1 #SUP: 40
13129 -1 #SUP: 58
13129 -1 11715 -1 #SUP: 10
13139 -1 #SUP: 91
13139 -1 15578 -1 #SUP: 16
13139 -1 360 -1 #SUP: 13
13139 -1 2412 -1 #SUP: 13
13139 -1 2674 -1 #SUP: 16
13139 -1 8956 -1 #SUP: 16
13139 -1 3885 -1 #SUP: 12
13139 -1 17239 -1 #SUP: 17
13139 -1 13237 -1 #SUP: 13
13139 -1 18381 -1 #SUP: 17
13142 -1 #SUP: 20
13145 -1 #SUP: 11
13153 -1 #SUP: 28
13154 -1 #SUP: 29
13155 -1 #SUP: 12
13178 -1 #SUP: 12
13188 -1 #SUP: 41
13202 -1 #SUP: 16
13203 -1 #SUP: 14
13216 -1 #SUP: 57
13216 -1 18096 -1 #SUP: 12
13216 -1 20263 -1 #SUP: 10
13223 -1 #SUP: 13
13234 -1 #SUP: 17
13237 -1 #SUP: 96
13237 -1 10264 -1 #SUP: 10
13237 -1 14395 -1 #SUP: 12
13237 -1 6253 -1 #SUP: 11
13237 -1 17597 -1 #SUP: 12
13237 -1 15570 -1 #SUP: 12
13237 -1 15578 -1 #SUP: 15
13237 -1 10496 -1 #SUP: 11
13237 -1 12563 -1 #SUP: 11
13237 -1 360 -1 #SUP: 16
13237 -1 11896 -1 #SUP: 12
13237 -1 13980 -1 #SUP: 20
13237 -1 8956 -1 #SUP: 19
13237 -1 3885 -1 #SUP: 12
13237 -1 13139 -1 #SUP: 13
13237 -1 17239 -1 #SUP: 18
13237 -1 18381 -1 #SUP: 14
13250 -1 #SUP: 28
13251 -1 #SUP: 15
13255 -1 #SUP: 14
13256 -1 #SUP: 10
13259 -1 #SUP: 18
13272 -1 #SUP: 41
13283 -1 #SUP: 16
13297 -1 #SUP: 15
13333 -1 #SUP: 12
13347 -1 #SUP: 20
13358 -1 #SUP: 11
13359 -1 #SUP: 12
13368 -1 #SUP: 66
13368 -1 17034 -1 #SUP: 15
13368 -1 10041 -1 #SUP: 10
13385 -1 #SUP: 18
13395 -1 #SUP: 10
13401 -1 #SUP: 14
13402 -1 #SUP: 19
13406 -1 #SUP: 21
13424 -1 #SUP: 43
13426 -1 #SUP: 17
13432 -1 #SUP: 12
13435 -1 #SUP: 46
13439 -1 #SUP: 13
13452 -1 #SUP: 43
13465 -1 #SUP: 12
13477 -1 #SUP: 19
13487 -1 #SUP: 13
13518 -1 #SUP: 22
13531 -1 #SUP: 24
13532 -1 #SUP: 10
13539 -1 #SUP: 18
13542 -1 #SUP: 47
13543 -1 #SUP: 21
13550 -1 #SUP: 69
13563 -1 #SUP: 10
13570 -1 #SUP: 17
13571 -1 #SUP: 12
13592 -1 #SUP: 40
13593 -1 #SUP: 20
13595 -1 #SUP: 37
13599 -1 #SUP: 18
13618 -1 #SUP: 10
13622 -1 #SUP: 47
13624 -1 #SUP: 27
13626 -1 #SUP: 14
13637 -1 #SUP: 20
13640 -1 #SUP: 40
13653 -1 #SUP: 10
13670 -1 #SUP: 41
13670 -1 19462 -1 #SUP: 13
13670 -1 11882 -1 #SUP: 10
13670 -1 3860 -1 #SUP: 10
13671 -1 #SUP: 20
13678 -1 #SUP: 15
13682 -1 #SUP: 22
13687 -1 #SUP: 12
13693 -1 #SUP: 12
13706 -1 #SUP: 19
13708 -1 #SUP: 14
13712 -1 #SUP: 15
13731 -1 #SUP: 23
13734 -1 #SUP: 17
13737 -1 #SUP: 12
13745 -1 #SUP: 11
13763 -1 #SUP: 18
13775 -1 #SUP: 14
13782 -1 #SUP: 51
13782 -1 6253 -1 #SUP: 10
13782 -1 13980 -1 #SUP: 11
13782 -1 15578 -1 #SUP: 13
13782 -1 8956 -1 #SUP: 14
13782 -1 13237 -1 #SUP: 12
13787 -1 #SUP: 13
13803 -1 #SUP: 21
13805 -1 #SUP: 17
13808 -1 #SUP: 33
13822 -1 #SUP: 11
13823 -1 #SUP: 12
13833 -1 #SUP: 25
13836 -1 #SUP: 10
13844 -1 #SUP: 16
13846 -1 #SUP: 11
13862 -1 #SUP: 20
13863 -1 #SUP: 11
13865 -1 #SUP: 50
13866 -1 #SUP: 15
13879 -1 #SUP: 21
13880 -1 #SUP: 16
13891 -1 #SUP: 10
13894 -1 #SUP: 19
13895 -1 #SUP: 21
13908 -1 #SUP: 24
13926 -1 #SUP: 10
13930 -1 #SUP: 24
13941 -1 #SUP: 30
13959 -1 #SUP: 15
13972 -1 #SUP: 27
13973 -1 #SUP: 15
13975 -1 #SUP: 19
13980 -1 #SUP: 96
13980 -1 14395 -1 #SUP: 17
13980 -1 11366 -1 #SUP: 13
13980 -1 6253 -1 #SUP: 18
13980 -1 18637 -1 #SUP: 12
13980 -1 15578 -1 #SUP: 18
13980 -1 12563 -1 #SUP: 11
13980 -1 18728 -1 #SUP: 16
13980 -1 360 -1 #SUP: 12
13980 -1 14758 -1 #SUP: 10
13980 -1 13782 -1 #SUP: 12
13980 -1 11896 -1 #SUP: 11
13980 -1 3729 -1 #SUP: 13
13980 -1 17096 -1 #SUP: 17
13980 -1 1746 -1 #SUP: 15
13980 -1 8956 -1 #SUP: 19
13980 -1 13101 -1 #SUP: 11
13980 -1 17239 -1 #SUP: 12
13980 -1 15209 -1 #SUP: 15
13980 -1 13237 -1 #SUP: 14
13988 -1 #SUP: 18
13990 -1 #SUP: 32
13993 -1 #SUP: 12
13995 -1 #SUP: 31
13998 -1 #SUP: 16
14004 -1 #SUP: 14
14008 -1 #SUP: 42
14012 -1 #SUP: 26
14016 -1 #SUP: 17
14022 -1 #SUP: 16
14023 -1 #SUP: 19
14033 -1 #SUP: 17
14037 -1 #SUP: 22
14052 -1 #SUP: 23
14064 -1 #SUP: 27
14088 -1 #SUP: 20
14097 -1 #SUP: 35
14107 -1 #SUP: 13
14134 -1 #SUP: 21
14147 -1 #SUP: 31
14149 -1 #SUP: 30
14154 -1 #SUP: 23
14160 -1 #SUP: 11
14172 -1 #SUP: 15
14175 -1 #SUP: 11
14176 -1 #SUP: 32
14178 -1 #SUP: 36
14190 -1 #SUP: 10
14213 -1 #SUP: 32
14219 -1 #SUP: 22
14229 -1 #SUP: 10
14233 -1 #SUP: 13
14243 -1 #SUP: 16
14247 -1 #SUP: 18
14248 -1 #SUP: 21
14255 -1 #SUP: 43
14277 -1 #SUP: 52
14289 -1 #SUP: 15
14295 -1 #SUP: 26
14301 -1 #SUP: 15
14306 -1 #SUP: 38
14309 -1 #SUP: 31
14313 -1 #SUP: 10
14322 -1 #SUP: 85
14338 -1 #SUP: 29
14344 -1 #SUP: 11
14354 -1 #SUP: 21
14358 -1 #SUP: 14
14360 -1 #SUP: 49
14364 -1 #SUP: 13
14366 -1 #SUP: 11
14367 -1 #SUP: 15
14370 -1 #SUP: 15
14375 -1 #SUP: 20
14378 -1 #SUP: 28
14395 -1 #SUP: 71
14395 -1 6253 -1 #SUP: 12
14395 -1 15578 -1 #SUP: 10
14395 -1 18728 -1 #SUP: 11
14395 -1 4460 -1 #SUP: 14
14395 -1 13980 -1 #SUP: 10
14395 -1 8956 -1 #SUP: 21
14395 -1 17239 -1 #SUP: 10
14398 -1 #SUP: 13
14399 -1 #SUP: 18
14400 -1 #SUP: 15
14425 -1 #SUP: 12
14430 -1 #SUP: 40
14430 -1 8709 -1 #SUP: 13
14430 -1 9257 -1 #SUP: 10
14430 -1 15050 -1 #SUP: 15
14430 -1 6408 -1 #SUP: 11
14430 -1 8466 -1 #SUP: 13
14430 -1 9003 -1 #SUP: 10
14434 -1 #SUP: 16
14440 -1 #SUP: 11
14443 -1 #SUP: 19
14453 -1 #SUP: 73
14453 -1 15558 -1 #SUP: 16
14463 -1 #SUP: 11
14466 -1 #SUP: 25
14471 -1 #SUP: 21
14475 -1 #SUP: 10
14491 -1 #SUP: 14
14504 -1 #SUP: 17
14509 -1 #SUP: 35
14520 -1 #SUP: 18
14524 -1 #SUP: 15
14527 -1 #SUP: 11
14528 -1 #SUP: 15
14535 -1 #SUP: 19
14547 -1 #SUP: 22
14554 -1 #SUP: 12
14556 -1 #SUP: 12
14558 -1 #SUP: 15
14571 -1 #SUP: 31
14572 -1 #SUP: 28
14579 -1 #SUP: 12
14581 -1 #SUP: 41
14583 -1 #SUP: 42
14585 -1 #SUP: 26
14591 -1 #SUP: 58
14591 -1 11366 -1 #SUP: 12
14591 -1 13980 -1 #SUP: 12
14591 -1 15209 -1 #SUP: 11
14597 -1 #SUP: 35
14612 -1 #SUP: 14
14615 -1 #SUP: 25
14620 -1 #SUP: 16
14631 -1 #SUP: 25
14632 -1 #SUP: 16
14659 -1 #SUP: 30
14661 -1 #SUP: 31
14662 -1 #SUP: 16
14663 -1 #SUP: 11
14665 -1 #SUP: 12
14666 -1 #SUP: 11
14668 -1 #SUP: 38
14679 -1 #SUP: 14
14694 -1 #SUP: 10
14708 -1 #SUP: 12
14714 -1 #SUP: 44
14714 -1 10419 -1 #SUP: 10
14714 -1 15650 -1 #SUP: 13
14714 -1 10100 -1 #SUP: 10
14714 -1 11233 -1 #SUP: 10
14722 -1 #SUP: 12
14724 -1 #SUP: 17
14730 -1 #SUP: 11
14732 -1 #SUP: 32
14734 -1 #SUP: 16
14738 -1 #SUP: 24
14751 -1 #SUP: 17
14758 -1 #SUP: 78
14758 -1 17597 -1 #SUP: 11
14758 -1 19662 -1 #SUP: 11
14758 -1 15578 -1 #SUP: 10
14758 -1 8956 -1 #SUP: 14
14758 -1 18266 -1 #SUP: 11
14758 -1 13237 -1 #SUP: 10
14765 -1 #SUP: 61
14765 -1 12393 -1 #SUP: 13
14765 -1 1740 -1 #SUP: 10
14765 -1 19243 -1 #SUP: 11
14770 -1 #SUP: 10
14775 -1 #SUP: 19
14777 -1 #SUP: 13
14796 -1 #SUP: 42
14797 -1 #SUP: 10
14807 -1 #SUP: 24
14820 -1 #SUP: 15
14826 -1 #SUP: 99
14826 -1 5141 -1 #SUP: 21
14826 -1 1111 -1 #SUP: 17
14826 -1 16494 -1 #SUP: 10
14826 -1 12510 -1 #SUP: 13
14826 -1 7506 -1 #SUP: 12
14826 -1 411 -1 #SUP: 11
14826 -1 10711 -1 #SUP: 13
14826 -1 5606 -1 #SUP: 11
14826 -1 10848 -1 #SUP: 12
14826 -1 8866 -1 #SUP: 17
14826 -1 11943 -1 #SUP: 14
14826 -1 20172 -1 #SUP: 10
14826 -1 4910 -1 #SUP: 12
14826 -1 868 -1 #SUP: 13
14826 -1 8145 -1 #SUP: 13
14827 -1 #SUP: 14
14837 -1 #SUP: 22
14842 -1 #SUP: 18
14859 -1 #SUP: 27
14869 -1 #SUP: 13
14885 -1 #SUP: 33
14886 -1 #SUP: 12
14899 -1 #SUP: 22
14903 -1 #SUP: 33
14904 -1 #SUP: 55
14905 -1 #SUP: 14
14907 -1 #SUP: 57
14907 -1 4148 -1 #SUP: 14
14907 -1 4743 -1 #SUP: 11
14916 -1 #SUP: 21
14920 -1 #SUP: 21
14949 -1 #SUP: 17
14959 -1 #SUP: 12
14974 -1 #SUP: 12
14994 -1 #SUP: 41
14998 -1 #SUP: 10
15005 -1 #SUP: 20
15017 -1 #SUP: 17
15029 -1 #SUP: 17
15036 -1 #SUP: 10
15038 -1 #SUP: 10
15046 -1 #SUP: 11
15050 -1 #SUP: 22
15050 -1 9003 -1 #SUP: 13
15053 -1 #SUP: 53
15076 -1 #SUP: 17
15090 -1 #SUP: 77
15092 -1 #SUP: 31
15098 -1 #SUP: 19
15099 -1 #SUP: 22
15099 -1 19969 -1 #SUP: 10
15137 -1 #SUP: 11
15147 -1 #SUP: 16
15167 -1 #SUP: 35
15170 -1 #SUP: 11
15185 -1 #SUP: 20
15187 -1 #SUP: 43
15204 -1 #SUP: 51
15204 -1 16601 -1 #SUP: 10
15209 -1 #SUP: 63
15209 -1 11366 -1 #SUP: 11
15209 -1 2740 -1 #SUP: 13
15228 -1 #SUP: 13
15241 -1 #SUP: 11
15248 -1 #SUP: 10
15259 -1 #SUP: 36
15266 -1 #SUP: 25
15270 -1 #SUP: 11
15272 -1 #SUP: 10
15286 -1 #SUP: 11
15296 -1 #SUP: 10
15301 -1 #SUP: 19
15301 -1 11916 -1 #SUP: 10
15308 -1 #SUP: 15
15312 -1 #SUP: 39
15312 -1 12173 -1 #SUP: 10
15312 -1 7323 -1 #SUP: 13
15312 -1 9060 -1 #SUP: 14
15312 -1 17764 -1 #SUP: 10
15312 -1 18289 -1 #SUP: 11
15322 -1 #SUP: 19
15324 -1 #SUP: 20
15327 -1 #SUP: 13
15333 -1 #SUP: 26
15341 -1 #SUP: 28
15345 -1 #SUP: 19
15347 -1 #SUP: 15
15360 -1 #SUP: 37
15362 -1 #SUP: 10
15370 -1 #SUP: 12
15386 -1 #SUP: 16
15392 -1 #SUP: 11
15410 -1 #SUP: 36
15413 -1 #SUP: 47
15414 -1 #SUP: 13
15428 -1 #SUP: 20
15430 -1 #SUP: 30
15431 -1 #SUP: 18
15438 -1 #SUP: 39
15442 -1 #SUP: 15
15455 -1 #SUP: 12
15458 -1 #SUP: 17
15459 -1 #SUP: 17
15471 -1 #SUP: 51
15472 -1 #SUP: 11
15474 -1 #SUP: 52
15495 -1 #SUP: 14
15498 -1 #SUP: 53
15499 -1 #SUP: 42
15503 -1 #SUP: 10
15511 -1 #SUP: 20
15526 -1 #SUP: 11
15537 -1 #SUP: 22
15538 -1 #SUP: 17
15542 -1 #SUP: 56
15544 -1 #SUP: 12
15547 -1 #SUP: 20
15548 -1 #SUP: 22
15558 -1 #SUP: 68
15558 -1 14453 -1 #SUP: 15
15563 -1 #SUP: 13
15564 -1 #SUP: 18
15570 -1 #SUP: 32
15570 -1 8956 -1 #SUP: 10
15578 -1 #SUP: 114
15578 -1 6253 -1 #SUP: 15
15578 -1 19662 -1 #SUP: 10
15578 -1 14591 -1 #SUP: 11
15578 -1 10496 -1 #SUP: 12
15578 -1 12563 -1 #SUP: 12
15578 -1 18728 -1 #SUP: 12
15578 -1 360 -1 #SUP: 12
15578 -1 14758 -1 #SUP: 13
15578 -1 10828 -1 #SUP: 11
15578 -1 11896 -1 #SUP: 14
15578 -1 13980 -1 #SUP: 12
15578 -1 9941 -1 #SUP: 12
15578 -1 6892 -1 #SUP: 13
15578 -1 8956 -1 #SUP: 19
15578 -1 13139 -1 #SUP: 12
15578 -1 13237 -1 #SUP: 17
15578 -1 18381 -1 #SUP: 11
15582 -1 #SUP: 20
15585 -1 #SUP: 13
15592 -1 #SUP: 13
15593 -1 #SUP: 13
15599 -1 #SUP: 12
15602 -1 #SUP: 11
15603 -1 #SUP: 14
15624 -1 #SUP: 11
15633 -1 #SUP: 17
15640 -1 #SUP: 31
15646 -1 #SUP: 16
15650 -1 #SUP: 33
15653 -1 #SUP: 13
15661 -1 #SUP: 19
15666 -1 #SUP: 12
15669 -1 #SUP: 52
15669 -1 9710 -1 #SUP: 12
15670 -1 #SUP: 25
15680 -1 #SUP: 12
15699 -1 #SUP: 22
15701 -1 #SUP: 29
15704 -1 #SUP: 24
15710 -1 #SUP: 14
15713 -1 #SUP: 16
15715 -1 #SUP: 14
15716 -1 #SUP: 13
15722 -1 #SUP: 23
15735 -1 #SUP: 18
15737 -1 #SUP: 13
15740 -1 #SUP: 12
15744 -1 #SUP: 13
15750 -1 #SUP: 65
15758 -1 #SUP: 18
15767 -1 #SUP: 51
15770 -1 #SUP: 45
15771 -1 #SUP: 50
15771 -1 20172 -1 #SUP: 10
15774 -1 #SUP: 16
15775 -1 #SUP: 48
15779 -1 #SUP: 34
15781 -1 #SUP: 75
15783 -1 #SUP: 20
15801 -1 #SUP: 17
15806 -1 #SUP: 11
15807 -1 #SUP: 10
15824 -1 #SUP: 14
15826 -1 #SUP: 14
15843 -1 #SUP: 16
15862 -1 #SUP: 32
15864 -1 #SUP: 17
15865 -1 #SUP: 10
15868 -1 #SUP: 21
15882 -1 #SUP: 15
15886 -1 #SUP: 25
15893 -1 #SUP: 19
15900 -1 #SUP: 31
15907 -1 #SUP: 31
15910 -1 #SUP: 10
15926 -1 #SUP: 20
15931 -1 #SUP: 39
15935 -1 #SUP: 33
15941 -1 #SUP: 27
15942 -1 #SUP: 31
15967 -1 #SUP: 13
15970 -1 #SUP: 12
15986 -1 #SUP: 11
15988 -1 #SUP: 53
15988 -1 17635 -1 #SUP: 13
15988 -1 7961 -1 #SUP: 12
15989 -1 #SUP: 13
15995 -1 #SUP: 11
16007 -1 #SUP: 11
16008 -1 #SUP: 28
16012 -1 #SUP: 16
16019 -1 #SUP: 11
16024 -1 #SUP: 40
16039 -1 #SUP: 10
16045 -1 #SUP: 11
16079 -1 #SUP: 14
16080 -1 #SUP: 13
16083 -1 #SUP: 40
16083 -1 2980 -1 #SUP: 12
16089 -1 #SUP: 19
16100 -1 #SUP: 44
16107 -1 #SUP: 15
16114 -1 #SUP: 25
16127 -1 #SUP: 15
16144 -1 #SUP: 16
16149 -1 #SUP: 16
16152 -1 #SUP: 17
16157 -1 #SUP: 14
16171 -1 #SUP: 22
16173 -1 #SUP: 23
16182 -1 #SUP: 20
16193 -1 #SUP: 21
16205 -1 #SUP: 28
16225 -1 #SUP: 10
16236 -1 #SUP: 10
16249 -1 #SUP: 19
16267 -1 #SUP: 31
16274 -1 #SUP: 10
16289 -1 #SUP: 20
16293 -1 #SUP: 13
16297 -1 #SUP: 24
16303 -1 #SUP: 30
16307 -1 #SUP: 16
16311 -1 #SUP: 11
16331 -1 #SUP: 25
16338 -1 #SUP: 17
16379 -1 #SUP: 20
16385 -1 #SUP: 28
16387 -1 #SUP: 10
16388 -1 #SUP: 12
16392 -1 #SUP: 15
16398 -1 #SUP: 12
16404 -1 #SUP: 25
16433 -1 #SUP: 42
16436 -1 #SUP: 14
16444 -1 #SUP: 17
16447 -1 #SUP: 14
16451 -1 #SUP: 39
16454 -1 #SUP: 11
16456 -1 #SUP: 12
16457 -1 #SUP: 49
16457 -1 11133 -1 #SUP: 11
16460 -1 #SUP: 16
16464 -1 #SUP: 18
16465 -1 #SUP: 24
16471 -1 #SUP: 53
16474 -1 #SUP: 11
16484 -1 #SUP: 31
16486 -1 #SUP: 36
16494 -1 #SUP: 89
16494 -1 10591 -1 #SUP: 10
16494 -1 18876 -1 #SUP: 10
16502 -1 #SUP: 52
16505 -1 #SUP: 16
16509 -1 #SUP: 32
16521 -1 #SUP: 63
16521 -1 3624 -1 #SUP: 12
16521 -1 11882 -1 #SUP: 15
16521 -1 4743 -1 #SUP: 10
16536 -1 #SUP: 14
16552 -1 #SUP: 18
16557 -1 #SUP: 10
16579 -1 #SUP: 21
16583 -1 #SUP: 66
16585 -1 #SUP: 15
16601 -1 #SUP: 72
16601 -1 12510 -1 #SUP: 12
16601 -1 5606 -1 #SUP: 12
16615 -1 #SUP: 10
16626 -1 #SUP: 32
16632 -1 #SUP: 14
16645 -1 #SUP: 16
16649 -1 #SUP: 13
16650 -1 #SUP: 15
16657 -1 #SUP: 12
16663 -1 #SUP: 23
16673 -1 #SUP: 54
16681 -1 #SUP: 10
16686 -1 #SUP: 14
16697 -1 #SUP: 13
16708 -1 #SUP: 46
16713 -1 #SUP: 25
16718 -1 #SUP: 23
16727 -1 #SUP: 15
16731 -1 #SUP: 36
16732 -1 #SUP: 21
16756 -1 #SUP: 48
16759 -1 #SUP: 10
16760 -1 #SUP: 26
16765 -1 #SUP: 17
16772 -1 #SUP: 21
16800 -1 #SUP: 15
16820 -1 #SUP: 104
16820 -1 9291 -1 #SUP: 14
16820 -1 12599 -1 #SUP: 11
16820 -1 12639 -1 #SUP: 12
16820 -1 5606 -1 #SUP: 14
16820 -1 7728 -1 #SUP: 10
16820 -1 9826 -1 #SUP: 10
16820 -1 1719 -1 #SUP: 20
16820 -1 9941 -1 #SUP: 14
16820 -1 2780 -1 #SUP: 16
16820 -1 11070 -1 #SUP: 11
16820 -1 2912 -1 #SUP: 13
16820 -1 7009 -1 #SUP: 15
16822 -1 #SUP: 10
16835 -1 #SUP: 19
16846 -1 #SUP: 15
16852 -1 #SUP: 12
16861 -1 #SUP: 27
16861 -1 2392 -1 #SUP: 10
16861 -1 20121 -1 #SUP: 16
16862 -1 #SUP: 26
16866 -1 #SUP: 91
16866 -1 1111 -1 #SUP: 12
16866 -1 10706 -1 #SUP: 16
16866 -1 17346 -1 #SUP: 10
16866 -1 5100 -1 #SUP: 13
16869 -1 #SUP: 14
16905 -1 #SUP: 48
16912 -1 #SUP: 11
16923 -1 #SUP: 10
16929 -1 #SUP: 14
16930 -1 #SUP: 15
16946 -1 #SUP: 11
16948 -1 #SUP: 14
16954 -1 #SUP: 11
16970 -1 #SUP: 20
16973 -1 #SUP: 48
16974 -1 #SUP: 10
16994 -1 #SUP: 35
16997 -1 #SUP: 14
16998 -1 #SUP: 18
17001 -1 #SUP: 12
17004 -1 #SUP: 15
17026 -1 #SUP: 14
17034 -1 #SUP: 91
17034 -1 1069 -1 #SUP: 10
17034 -1 13368 -1 #SUP: 19
17034 -1 667 -1 #SUP: 14
17034 -1 9941 -1 #SUP: 15
17034 -1 3811 -1 #SUP: 12
17040 -1 #SUP: 11
17042 -1 #SUP: 10
17050 -1 #SUP: 10
17056 -1 #SUP: 12
17062 -1 #SUP: 15
17063 -1 #SUP: 10
17064 -1 #SUP: 14
17071 -1 #SUP: 21
17081 -1 #SUP: 33
17086 -1 #SUP: 18
17088 -1 #SUP: 14
17096 -1 #SUP: 55
17096 -1 14591 -1 #SUP: 11
17096 -1 15209 -1 #SUP: 13
17114 -1 #SUP: 64
17114 -1 12910 -1 #SUP: 10
17114 -1 7989 -1 #SUP: 10
17129 -1 #SUP: 22
17131 -1 #SUP: 53
17138 -1 #SUP: 38
17144 -1 #SUP: 16
17154 -1 #SUP: 32
17157 -1 #SUP: 28
17166 -1 #SUP: 12
17182 -1 #SUP: 10
17190 -1 #SUP: 10
17200 -1 #SUP: 62
17203 -1 #SUP: 54
17203 -1 1144 -1 #SUP: 10
17211 -1 #SUP: 21
17214 -1 #SUP: 22
17239 -1 #SUP: 96
17239 -1 6253 -1 #SUP: 16
17239 -1 15578 -1 #SUP: 19
17239 -1 10496 -1 #SUP: 16
17239 -1 18728 -1 #SUP: 10
17239 -1 360 -1 #SUP: 12
17239 -1 13782 -1 #SUP: 10
17239 -1 541 -1 #SUP: 10
17239 -1 2674 -1 #SUP: 12
17239 -1 13980 -1 #SUP: 15
17239 -1 8956 -1 #SUP: 11
17239 -1 3885 -1 #SUP: 12
17239 -1 13139 -1 #SUP: 12
17239 -1 11107 -1 #SUP: 12
17239 -1 13237 -1 #SUP: 17
17239 -1 11206 -1 #SUP: 11
17239 -1 18381 -1 #SUP: 14
17241 -1 #SUP: 20
17247 -1 #SUP: 27
17273 -1 #SUP: 10
17276 -1 #SUP: 24
17281 -1 #SUP: 41
17292 -1 #SUP: 13
17307 -1 #SUP: 22
17309 -1 #SUP: 15
17311 -1 #SUP: 12
17324 -1 #SUP: 18
17334 -1 #SUP: 38
17338 -1 #SUP: 11
17345 -1 #SUP: 13
17346 -1 #SUP: 59
17346 -1 16866 -1 #SUP: 12
17355 -1 #SUP: 15
17357 -1 #SUP: 12
17358 -1 #SUP: 22
17359 -1 #SUP: 10
17363 -1 #SUP: 16
17383 -1 #SUP: 12
17390 -1 #SUP: 31
17398 -1 #SUP: 15
17404 -1 #SUP: 14
17408 -1 #SUP: 16
17411 -1 #SUP: 16
17414 -1 #SUP: 49
17420 -1 #SUP: 10
17421 -1 #SUP: 19
17423 -1 #SUP: 22
17429 -1 #SUP: 11
17432 -1 #SUP: 10
17459 -1 #SUP: 52
17467 -1 #SUP: 11
17494 -1 #SUP: 11
17495 -1 #SUP: 18
17498 -1 #SUP: 15
17503 -1 #SUP: 39
17506 -1 #SUP: 11
17515 -1 #SUP: 34
17516 -1 #SUP: 24
17521 -1 #SUP: 28
17524 -1 #SUP: 21
17525 -1 #SUP: 16
17526 -1 #SUP: 11
17528 -1 #SUP: 18
17530 -1 #SUP: 57
17534 -1 #SUP: 13
17538 -1 #SUP: 23
17547 -1 #SUP: 13
17550 -1 #SUP: 13
17560 -1 #SUP: 23
17563 -1 #SUP: 28
17568 -1 #SUP: 48
17568 -1 1195 -1 #SUP: 10
17584 -1 #SUP: 44
17586 -1 #SUP: 36
17597 -1 #SUP: 78
17597 -1 19662 -1 #SUP: 11
17597 -1 15578 -1 #SUP: 10
17597 -1 12563 -1 #SUP: 10
17597 -1 14758 -1 #SUP: 10
17597 -1 11896 -1 #SUP: 13
17597 -1 13980 -1 #SUP: 11
17597 -1 8956 -1 #SUP: 13
17598 -1 #SUP: 10
17607 -1 #SUP: 15
17631 -1 #SUP: 38
17634 -1 #SUP: 30
17635 -1 #SUP: 27
17651 -1 #SUP: 15
17652 -1 #SUP: 34
17657 -1 #SUP: 51
17663 -1 #SUP: 51
17663 -1 19969 -1 #SUP: 20
17663 -1 9246 -1 #SUP: 12
17663 -1 17966 -1 #SUP: 10
17663 -1 10834 -1 #SUP: 12
17663 -1 15988 -1 #SUP: 10
17663 -1 12071 -1 #SUP: 11
17671 -1 #SUP: 13
17689 -1 #SUP: 15
17695 -1 #SUP: 12
17699 -1 #SUP: 24
17701 -1 #SUP: 46
17701 -1 15669 -1 #SUP: 11
17701 -1 9710 -1 #SUP: 11
17707 -1 #SUP: 16
17708 -1 #SUP: 14
17709 -1 #SUP: 29
17715 -1 #SUP: 22
17734 -1 #SUP: 17
17744 -1 #SUP: 21
17747 -1 #SUP: 17
17748 -1 #SUP: 18
17764 -1 #SUP: 24
17774 -1 #SUP: 42
17780 -1 #SUP: 41
17780 -1 8498 -1 #SUP: 10
17786 -1 #SUP: 13
17819 -1 #SUP: 13
17820 -1 #SUP: 36
17826 -1 #SUP: 33
17827 -1 #SUP: 10
17865 -1 #SUP: 17
17869 -1 #SUP: 24
17881 -1 #SUP: 19
17889 -1 #SUP: 20
17897 -1 #SUP: 29
17909 -1 #SUP: 21
17918 -1 #SUP: 58
17923 -1 #SUP: 32
17926 -1 #SUP: 36
17935 -1 #SUP: 20
17944 -1 #SUP: 17
17947 -1 #SUP: 29
17966 -1 #SUP: 26
17967 -1 #SUP: 10
17974 -1 #SUP: 15
17983 -1 #SUP: 22
17984 -1 #SUP: 70
17990 -1 #SUP: 12
18001 -1 #SUP: 23
18026 -1 #SUP: 22
18040 -1 #SUP: 23
18048 -1 #SUP: 11
18057 -1 #SUP: 25
18057 -1 19205 -1 #SUP: 10
18057 -1 2392 -1 #SUP: 10
18057 -1 20121 -1 #SUP: 16
18057 -1 20121 -1 2392 -1 #SUP: 10
18057 -1 16861 -1 #SUP: 11
18057 -1 16861 -1 20121 -1 #SUP: 10
18057 -1 10926 -1 #SUP: 12
18057 -1 6197 -1 #SUP: 12
18057 -1 6197 -1 20121 -1 #SUP: 10
18058 -1 #SUP: 10
18059 -1 #SUP: 33
18074 -1 #SUP: 71
18074 -1 2117 -1 #SUP: 10
18074 -1 550 -1 #SUP: 10
18074 -1 11070 -1 #SUP: 14
18089 -1 #SUP: 15
18090 -1 #SUP: 20
18093 -1 #SUP: 16
18096 -1 #SUP: 56
18096 -1 20263 -1 #SUP: 10
18096 -1 8047 -1 #SUP: 12
18101 -1 #SUP: 10
18119 -1 #SUP: 26
18120 -1 #SUP: 24
18138 -1 #SUP: 32
18142 -1 #SUP: 17
18154 -1 #SUP: 11
18156 -1 #SUP: 19
18168 -1 #SUP: 10
18174 -1 #SUP: 12
18191 -1 #SUP: 22
18205 -1 #SUP: 11
18231 -1 #SUP: 12
18249 -1 #SUP: 13
18254 -1 #SUP: 47
18262 -1 #SUP: 35
18266 -1 #SUP: 84
18266 -1 3347 -1 #SUP: 10
18266 -1 14758 -1 #SUP: 18
18266 -1 8956 -1 #SUP: 12
18266 -1 8047 -1 #SUP: 10
18266 -1 894 -1 #SUP: 13
18266 -1 13237 -1 #SUP: 10
18275 -1 #SUP: 19
18289 -1 #SUP: 32
18290 -1 #SUP: 11
18303 -1 #SUP: 17
18315 -1 #SUP: 15
18327 -1 #SUP: 15
18332 -1 #SUP: 26
18335 -1 #SUP: 17
18336 -1 #SUP: 10
18361 -1 #SUP: 70
18366 -1 #SUP: 12
18377 -1 #SUP: 10
18381 -1 #SUP: 66
18381 -1 14395 -1 #SUP: 12
18381 -1 6253 -1 #SUP: 11
18381 -1 13980 -1 #SUP: 11
18381 -1 15578 -1 #SUP: 11
18381 -1 8956 -1 #SUP: 13
18381 -1 14591 -1 #SUP: 20
18381 -1 18728 -1 #SUP: 11
18381 -1 3885 -1 #SUP: 12
18381 -1 17239 -1 #SUP: 10
18381 -1 360 -1 #SUP: 10
18381 -1 13237 -1 #SUP: 12
18389 -1 #SUP: 19
18399 -1 #SUP: 21
18401 -1 #SUP: 34
18404 -1 #SUP: 66
18404 -1 2508 -1 #SUP: 12
18412 -1 #SUP: 10
18418 -1 #SUP: 48
18419 -1 #SUP: 16
18421 -1 #SUP: 28
18424 -1 #SUP: 14
18425 -1 #SUP: 27
18426 -1 #SUP: 23
18428 -1 #SUP: 45
18428 -1 10848 -1 #SUP: 10
18436 -1 #SUP: 10
18440 -1 #SUP: 64
18440 -1 541 -1 #SUP: 11
18446 -1 #SUP: 28
18464 -1 #SUP: 16
18490 -1 #SUP: 28
18493 -1 #SUP: 14
18496 -1 #SUP: 11
18503 -1 #SUP: 42
18512 -1 #SUP: 16
18547 -1 #SUP: 19
18556 -1 #SUP: 28
18559 -1 #SUP: 13
18575 -1 #SUP: 36
18599 -1 #SUP: 24
18605 -1 #SUP: 10
18615 -1 #SUP: 35
18617 -1 #SUP: 29
18627 -1 #SUP: 24
18637 -1 #SUP: 42
18641 -1 #SUP: 10
18644 -1 #SUP: 10
18645 -1 #SUP: 21
18646 -1 #SUP: 10
18649 -1 #SUP: 52
18649 -1 573 -1 #SUP: 13
18649 -1 6253 -1 #SUP: 12
18649 -1 15578 -1 #SUP: 11
18649 -1 13139 -1 #SUP: 11
18652 -1 #SUP: 10
18661 -1 #SUP: 20
18665 -1 #SUP: 14
18672 -1 #SUP: 24
18709 -1 #SUP: 11
18726 -1 #SUP: 25
18728 -1 #SUP: 50
18729 -1 #SUP: 15
18739 -1 #SUP: 14
18743 -1 #SUP: 45
18755 -1 #SUP: 11
18758 -1 #SUP: 21
18763 -1 #SUP: 55
18763 -1 8885 -1 #SUP: 13
18767 -1 #SUP: 15
18773 -1 #SUP: 12
18774 -1 #SUP: 10
18783 -1 #SUP: 13
18804 -1 #SUP: 18
18815 -1 #SUP: 10
18824 -1 #SUP: 55
18824 -1 9940 -1 #SUP: 10
18825 -1 #SUP: 16
18830 -1 #SUP: 32
18852 -1 #SUP: 26
18855 -1 #SUP: 20
18856 -1 #SUP: 40
18859 -1 #SUP: 13
18875 -1 #SUP: 50
18876 -1 #SUP: 30
18878 -1 #SUP: 19
18893 -1 #SUP: 12
18899 -1 #SUP: 22
18902 -1 #SUP: 26
18903 -1 #SUP: 13
18904 -1 #SUP: 12
18906 -1 #SUP: 15
18920 -1 #SUP: 24
18922 -1 #SUP: 24
18938 -1 #SUP: 12
18940 -1 #SUP: 14
18944 -1 #SUP: 17
18963 -1 #SUP: 28
18981 -1 #SUP: 10
18986 -1 #SUP: 13
18987 -1 #SUP: 11
18991 -1 #SUP: 29
18995 -1 #SUP: 20
18999 -1 #SUP: 12
19008 -1 #SUP: 29
19020 -1 #SUP: 11
19023 -1 #SUP: 18
19024 -1 #SUP: 10
19029 -1 #SUP: 12
19032 -1 #SUP: 11
19033 -1 #SUP: 15
19036 -1 #SUP: 12
19046 -1 #SUP: 16
19047 -1 #SUP: 12
19052 -1 #SUP: 10
19054 -1 #SUP: 12
19055 -1 #SUP: 38
19055 -1 10567 -1 #SUP: 10
19056 -1 #SUP: 10
19058 -1 #SUP: 15
19060 -1 #SUP: 13
19069 -1 #SUP: 16
19071 -1 #SUP: 11
19075 -1 #SUP: 58
19078 -1 #SUP: 39
19085 -1 #SUP: 21
19091 -1 #SUP: 12
19122 -1 #SUP: 23
19134 -1 #SUP: 11
19154 -1 #SUP: 30
19164 -1 #SUP: 17
19173 -1 #SUP: 30
19192 -1 #SUP: 19
19195 -1 #SUP: 12
19205 -1 #SUP: 18
19205 -1 20121 -1 #SUP: 11
19205 -1 16861 -1 #SUP: 10
19217 -1 #SUP: 14
19219 -1 #SUP: 14
19236 -1 #SUP: 13
19243 -1 #SUP: 47
19243 -1 14714 -1 #SUP: 11
19244 -1 #SUP: 13
19252 -1 #SUP: 43
19254 -1 #SUP: 20
19262 -1 #SUP: 13
19302 -1 #SUP: 11
19305 -1 #SUP: 42
19309 -1 #SUP: 11
19317 -1 #SUP: 25
19334 -1 #SUP: 24
19339 -1 #SUP: 16
19340 -1 #SUP: 31
19352 -1 #SUP: 11
19356 -1 #SUP: 10
19362 -1 #SUP: 10
19364 -1 #SUP: 12
19368 -1 #SUP: 10
19370 -1 #SUP: 12
19377 -1 #SUP: 16
19382 -1 #SUP: 11
19385 -1 #SUP: 41
19390 -1 #SUP: 22
19396 -1 #SUP: 14
19398 -1 #SUP: 46
19399 -1 #SUP: 11
19411 -1 #SUP: 10
19414 -1 #SUP: 12
19416 -1 #SUP: 11
19422 -1 #SUP: 33
19426 -1 #SUP: 14
19429 -1 #SUP: 18
19431 -1 #SUP: 49
19432 -1 #SUP: 12
19451 -1 #SUP: 12
19462 -1 #SUP: 43
19462 -1 3860 -1 #SUP: 18
19466 -1 #SUP: 50
19489 -1 #SUP: 11
19494 -1 #SUP: 10
19505 -1 #SUP: 18
19510 -1 #SUP: 18
19536 -1 #SUP: 14
19552 -1 #SUP: 11
19555 -1 #SUP: 40
19556 -1 #SUP: 26
19558 -1 #SUP: 10
19576 -1 #SUP: 15
19584 -1 #SUP: 16
19589 -1 #SUP: 41
19590 -1 #SUP: 17
19602 -1 #SUP: 54
19605 -1 #SUP: 24
19606 -1 #SUP: 26
19611 -1 #SUP: 11
19616 -1 #SUP: 16
19619 -1 #SUP: 11
19624 -1 #SUP: 29
19628 -1 #SUP: 39
19629 -1 #SUP: 17
19644 -1 #SUP: 15
19646 -1 #SUP: 17
19656 -1 #SUP: 13
19662 -1 #SUP: 70
19662 -1 17597 -1 #SUP: 15
19662 -1 8956 -1 #SUP: 10
19662 -1 12563 -1 #SUP: 11
19662 -1 18401 -1 #SUP: 12
19676 -1 #SUP: 12
19679 -1 #SUP: 18
19688 -1 #SUP: 27
19690 -1 #SUP: 23
19693 -1 #SUP: 12
19699 -1 #SUP: 11
19704 -1 #SUP: 11
19713 -1 #SUP: 11
19715 -1 #SUP: 13
19718 -1 #SUP: 16
19730 -1 #SUP: 14
19733 -1 #SUP: 43
19734 -1 #SUP: 18
19770 -1 #SUP: 23
19779 -1 #SUP: 10
19781 -1 #SUP: 14
19783 -1 #SUP: 10
19786 -1 #SUP: 16
19798 -1 #SUP: 12
19802 -1 #SUP: 13
19813 -1 #SUP: 21
19824 -1 #SUP: 19
19825 -1 #SUP: 39
19825 -1 9834 -1 #SUP: 10
19826 -1 #SUP: 11
19834 -1 #SUP: 11
19838 -1 #SUP: 40
19850 -1 #SUP: 16
19852 -1 #SUP: 14
19856 -1 #SUP: 16
19858 -1 #SUP: 27
19873 -1 #SUP: 10
19878 -1 #SUP: 16
19889 -1 #SUP: 32
19904 -1 #SUP: 22
19908 -1 #SUP: 10
19912 -1 #SUP: 21
19926 -1 #SUP: 15
19929 -1 #SUP: 28
19939 -1 #SUP: 11
19950 -1 #SUP: 24
19957 -1 #SUP: 27
19962 -1 #SUP: 35
19967 -1 #SUP: 13
19969 -1 #SUP: 55
19969 -1 9246 -1 #SUP: 10
19969 -1 10834 -1 #SUP: 11
19975 -1 #SUP: 10
19978 -1 #SUP: 11
19991 -1 #SUP: 40
20004 -1 #SUP: 12
20005 -1 #SUP: 23
20007 -1 #SUP: 17
20016 -1 #SUP: 12
20023 -1 #SUP: 23
20028 -1 #SUP: 20
20037 -1 #SUP: 23
20042 -1 #SUP: 16
20048 -1 #SUP: 28
20051 -1 #SUP: 12
20054 -1 #SUP: 26
20056 -1 #SUP: 20
20077 -1 #SUP: 14
20081 -1 #SUP: 11
20120 -1 #SUP: 33
20120 -1 4998 -1 #SUP: 10
20121 -1 #SUP: 21
20121 -1 2392 -1 #SUP: 10
20133 -1 #SUP: 11
20134 -1 #SUP: 95
20134 -1 6253 -1 #SUP: 10
20134 -1 7465 -1 #SUP: 10
20134 -1 5606 -1 #SUP: 10
20134 -1 15862 -1 #SUP: 10
20134 -1 541 -1 #SUP: 11
20134 -1 11107 -1 #SUP: 14
20135 -1 #SUP: 23
20142 -1 #SUP: 10
20145 -1 #SUP: 40
20147 -1 #SUP: 11
20150 -1 #SUP: 41
20150 -1 10100 -1 #SUP: 10
20152 -1 #SUP: 25
20154 -1 #SUP: 21
20163 -1 #SUP: 16
20167 -1 #SUP: 40
20169 -1 #SUP: 65
20169 -1 10269 -1 #SUP: 15
20169 -1 10706 -1 #SUP: 11
20170 -1 #SUP: 10
20172 -1 #SUP: 81
20172 -1 17584 -1 #SUP: 10
20172 -1 8491 -1 #SUP: 16
20172 -1 411 -1 #SUP: 14
20172 -1 2497 -1 #SUP: 10
20172 -1 10848 -1 #SUP: 18
20172 -1 648 -1 #SUP: 11
20193 -1 #SUP: 22
20197 -1 #SUP: 30
20203 -1 #SUP: 14
20207 -1 #SUP: 10
20213 -1 #SUP: 14
20216 -1 #SUP: 14
20225 -1 #SUP: 25
20232 -1 #SUP: 23
20235 -1 #SUP: 14
20238 -1 #SUP: 18
20241 -1 #SUP: 11
20242 -1 #SUP: 96
20242 -1 5881 -1 #SUP: 10
20247 -1 #SUP: 18
20251 -1 #SUP: 12
20254 -1 #SUP: 23
20259 -1 #SUP: 12
20263 -1 #SUP: 76
20263 -1 19662 -1 #SUP: 10
20263 -1 18096 -1 #SUP: 14
20263 -1 12990 -1 #SUP: 11
20263 -1 2873 -1 #SUP: 13
20263 -1 8047 -1 #SUP: 11
20263 -1 13216 -1 #SUP: 12
20266 -1 #SUP: 11
20268 -1 #SUP: 61
20268 -1 1144 -1 #SUP: 13
20268 -1 7394 -1 #SUP: 13
20268 -1 14994 -1 #SUP: 11
20268 -1 17203 -1 #SUP: 12
20276 -1 #SUP: 16
20285 -1 #SUP: 24
20287 -1 #SUP: 39
20295 -1 #SUP: 25
20321 -1 #SUP: 14
20325 -1 #SUP: 10
20327 -1 #SUP: 11
20328 -1 #SUP: 17
20329 -1 #SUP: 24
20351 -1 #SUP: 11
20359 -1 #SUP: 20
20362 -1 #SUP: 32
20366 -1 #SUP: 11
20371 -1 #SUP: 18
20372 -1 #SUP: 11
20380 -1 #SUP: 10
20394 -1 #SUP: 14
20408 -1 #SUP: 21
20415 -1 #SUP: 13
20433 -1 #SUP: 22
20434 -1 #SUP: 11
20443 -1 #SUP: 46
20446 -1 #SUP: 11
20447 -1 #SUP: 13
20461 -1 #SUP: 33
20468 -1 #SUP: 24
20475 -1 #SUP: 16
20480 -1 #SUP: 16
20489 -1 #SUP: 11
20491 -1 #SUP: 26
20496 -1 #SUP: 19
20497 -1 #SUP: 20
20501 -1 #SUP: 23
20515 -1 #SUP: 25
20526 -1 #SUP: 10
20532 -1 #SUP: 29
20533 -1 #SUP: 13
20544 -1 #SUP: 12
20548 -1 #SUP: 35
20553 -1 #SUP: 14
20555 -1 #SUP: 23
20569 -1 #SUP: 10
20571 -1 #SUP: 10
20572 -1 #SUP: 26
20592 -1 #SUP: 30
20599 -1 #SUP: 11
20605 -1 #SUP: 24
20621 -1 #SUP: 16
20623 -1 #SUP: 30
20631 -1 #SUP: 14
20632 -1 #SUP: 12
